Tempo   |   E[N]           |   E[W]          |         Erro_little            |  Ocupação

100     | 5.890261         | 1.199646        | -0.00000000000001154632        | 0.896750
200     | 9.710197         | 1.951798        | 0.00000000000008881784         | 0.915571
300     | 22.184505        | 4.384290        | 0.00000000000130384592         | 0.944875
400     | 25.822053        | 5.090597        | 0.00000000000194333438         | 0.958252
500     | 23.764228        | 4.685376        | 0.00000000000387245791         | 0.966275
600     | 21.200444        | 4.162391        | 0.00000000000206412665         | 0.961570
700     | 19.957322        | 3.956422        | -0.00000000000148503432        | 0.956801
800     | 19.406175        | 3.835213        | 0.00000000000505195885         | 0.961801
900     | 20.411887        | 4.025131        | 0.00000000000488142859         | 0.965770
1000    | 19.485225        | 3.856170        | 0.00000000000619593266         | 0.962903
1100    | 18.902155        | 3.736946        | -0.00000000000140687462        | 0.960384
1200    | 19.273239        | 3.821528        | -0.00000000000282085466        | 0.962081
1300    | 18.488140        | 3.651007        | -0.00000000000612132567        | 0.962459
1400    | 18.460106        | 3.640021        | -0.00000000000635935749        | 0.963534
1500    | 18.138771        | 3.595633        | -0.00000000000198241423        | 0.962886
1600    | 17.767070        | 3.515621        | -0.00000000000840216785        | 0.961298
1700    | 18.280493        | 3.624544        | -0.00000000000159516844        | 0.962889
1800    | 17.902143        | 3.549665        | -0.00000000000227373675        | 0.962755
1900    | 17.514095        | 3.464166        | 0.00000000000597566441         | 0.963766
2000    | 18.952273        | 3.721605        | -0.00000000000493116659        | 0.965969
2100    | 20.356341        | 4.010161        | 0.00000000000157740487         | 0.967359
2200    | 20.072003        | 3.960040        | 0.00000000000573052716         | 0.967639
2300    | 19.313687        | 3.823834        | -0.00000000000397193389        | 0.960290
2400    | 19.449392        | 3.849459        | -0.00000000001044853093        | 0.961576
2500    | 19.577768        | 3.874024        | -0.00000000001135092020        | 0.963024
2600    | 19.588390        | 3.873284        | -0.00000000000431654712        | 0.964388
2700    | 19.450811        | 3.846004        | -0.00000000000508393327        | 0.963846
2800    | 20.227643        | 3.999252        | -0.00000000000575184345        | 0.965280
2900    | 20.130387        | 3.974545        | -0.00000000002952660338        | 0.966328
3000    | 19.614372        | 3.885316        | -0.00000000001458388965        | 0.963524
3100    | 19.228135        | 3.809011        | -0.00000000001849898013        | 0.962924
3200    | 18.860414        | 3.737974        | -0.00000000000350652840        | 0.961793
3300    | 18.653015        | 3.693888        | -0.00000000000071764816        | 0.961651
3400    | 18.528667        | 3.667121        | -0.00000000000390798505        | 0.962594
3500    | 18.168764        | 3.598589        | -0.00000000000824584845        | 0.961380
3600    | 18.117321        | 3.590551        | 0.00000000000532907052         | 0.960751
3700    | 18.188208        | 3.606064        | 0.00000000000725464133         | 0.961139
3800    | 18.135927        | 3.593332        | 0.00000000001711697450         | 0.961591
3900    | 17.968876        | 3.562353        | 0.00000000002848210556         | 0.960812
4000    | 17.807252        | 3.532834        | 0.00000000003863220854         | 0.960421
4100    | 17.583271        | 3.495002        | 0.00000000002803446364        | 0.958494
4200    | 17.445734        | 3.464074        | 0.00000000003988986919        | 0.957798
4300    | 17.499572        | 3.473259        | 0.00000000005511324730        | 0.958765
4400    | 17.204691        | 3.420107        | 0.00000000005243805390        | 0.957096
4500    | 17.050786        | 3.388770        | 0.00000000006884093295        | 0.956441
4600    | 16.850738        | 3.349903        | 0.00000000010615508472        | 0.954850
4700    | 17.184503        | 3.409480        | 0.00000000007392486623        | 0.955826
4800    | 17.405529        | 3.453763        | 0.00000000005435651929        | 0.956730
4900    | 17.166236        | 3.411802        | 0.00000000004098410500        | 0.955080
5000    | 17.072450        | 3.391833        | 0.00000000004481393034        | 0.954897
5100    | 16.900411        | 3.357174        | 0.00000000003160494089        | 0.954120
5200    | 16.836701        | 3.344188        | 0.00000000002865618853        | 0.953536
5300    | 16.999740        | 3.378909        | 0.00000000001699618224        | 0.953960
5400    | 16.833477        | 3.347725        | 0.00000000003617017796        | 0.952982
5500    | 16.758541        | 3.333525        | 0.00000000004337863402        | 0.952838
5600    | 16.682412        | 3.317761        | 0.00000000001308109177        | 0.953387
5700    | 16.489775        | 3.279887        | 0.00000000004435918299        | 0.951867
5800    | 16.346773        | 3.251193        | 0.00000000006206946068        | 0.951334
5900    | 16.220932        | 3.225381        | 0.00000000004879296966        | 0.951121
6000    | 16.140204        | 3.206982        | 0.00000000004019895528        | 0.951496
6100    | 16.021254        | 3.187529        | 0.00000000005208988796        | 0.951145
6200    | 16.050320        | 3.189384        | 0.00000000006019718057        | 0.951992
6300    | 16.055439        | 3.191936        | 0.00000000002610178740        | 0.952552
6400    | 16.007654        | 3.184217        | 0.00000000002837907687        | 0.952329
6500    | 15.826637        | 3.153586        | -0.00000000002545696987        | 0.950657
6600    | 15.881893        | 3.163437        | -0.00000000000431654712        | 0.951330
6700    | 15.829440        | 3.156184        | -0.00000000001348432477        | 0.950227
6800    | 15.720517        | 3.136263        | -0.00000000001578470687        | 0.949766
6900    | 15.772487        | 3.145199        | 0.00000000000047428728        | 0.949615
7000    | 15.727658        | 3.135051        | 0.00000000001220890056        | 0.949609
7100    | 15.842524        | 3.157830        | 0.00000000001338840150        | 0.950316
7200    | 15.715478        | 3.134476        | 0.00000000001964828300        | 0.949563
7300    | 15.570226        | 3.106131        | 0.00000000002028954782        | 0.948966
7400    | 15.419474        | 3.078653        | 0.00000000005992895069        | 0.948226
7500    | 15.307117        | 3.057673        | 0.00000000013046808078        | 0.947682
7600    | 15.240452        | 3.045045        | 0.00000000015602097392        | 0.948337
7700    | 15.112800        | 3.022011        | 0.00000000014493295453        | 0.947638
7800    | 15.009216        | 2.999690        | 0.00000000012639489455        | 0.947527
7900    | 14.929145        | 2.985149        | 0.00000000013496759266        | 0.947082
8000    | 15.266619        | 3.049283        | 0.00000000003640643342        | 0.947716
8100    | 15.325277        | 3.061276        | 0.00000000004659206354        | 0.948065
8200    | 15.344215        | 3.063836        | 0.00000000004338218673        | 0.948654
8300    | 15.244204        | 3.044439        | 0.00000000004431477407        | 0.948325
8400    | 15.128410        | 3.021797        | 0.00000000005323208541        | 0.947469
8500    | 15.098377        | 3.015418        | 0.00000000005925038238        | 0.947749
8600    | 15.007301        | 2.999228        | 0.00000000000757793828        | 0.947424
8700    | 14.997510        | 2.998399        | 0.00000000003615063804        | 0.947187
8800    | 15.147773        | 3.024537        | -0.00000000000604316597        | 0.947761
8900    | 15.442898        | 3.083591        | -0.00000000002691180612        | 0.948338
9000    | 15.521579        | 3.097913        | -0.00000000007184297601        | 0.948860
9100    | 15.517647        | 3.097403        | -0.00000000011192291538        | 0.949144
9200    | 15.467821        | 3.087055        | -0.00000000013916512387        | 0.949272
9300    | 15.523461        | 3.097631        | -0.00000000012738787802        | 0.949816
9400    | 15.589838        | 3.110819        | -0.00000000010966161312        | 0.949885
9500    | 15.535294        | 3.101443        | -0.00000000010509815240        | 0.949691
9600    | 15.557831        | 3.105743        | -0.00000000011602452332        | 0.949849
9700    | 15.470224        | 3.090413        | -0.00000000013537082566        | 0.949788
9800    | 15.391456        | 3.075655        | -0.00000000017322143719        | 0.948828
9900    | 15.372319        | 3.071423        | -0.00000000018680523795        | 0.949071
10000    | 15.352235        | 3.069158        | -0.00000000019525536743        | 0.949228
10100    | 15.448358        | 3.085700        | -0.00000000018494183962        | 0.949741
10200    | 15.387531        | 3.072446        | -0.00000000018200019269        | 0.949596
10300    | 15.334185        | 3.062971        | -0.00000000015430146050        | 0.949549
10400    | 15.318833        | 3.057416        | -0.00000000010687095653        | 0.949787
10500    | 15.449598        | 3.082639        | -0.00000000015197088032        | 0.950270
10600    | 15.633532        | 3.119996        | -0.00000000022697932422        | 0.950755
10700    | 15.749100        | 3.142712        | -0.00000000029038282889        | 0.951045
10800    | 15.691031        | 3.131248        | -0.00000000026366642203        | 0.951092
10900    | 15.628361        | 3.119376        | -0.00000000020030910264        | 0.951066
11000    | 15.569072        | 3.108897        | -0.00000000015664980424        | 0.951057
11100    | 15.524864        | 3.100559        | -0.00000000021975843367        | 0.950939
11200    | 15.473851        | 3.090466        | -0.00000000013209877636        | 0.950415
11300    | 15.579504        | 3.111440        | -0.00000000018238033306        | 0.950836
11400    | 15.698534        | 3.135306        | -0.00000000019888979352        | 0.951303
11500    | 15.812433        | 3.158861        | -0.00000000017593926316        | 0.951688
11600    | 16.186714        | 3.230270        | -0.00000000009301714954        | 0.952107
11700    | 16.835260        | 3.359185        | 0.00000000003982236763        | 0.952518
11800    | 16.907659        | 3.373242        | -0.00000000002510347485        | 0.952842
11900    | 16.804365        | 3.354277        | 0.00000000003292299766        | 0.952192
12000    | 16.704178        | 3.335277        | -0.00000000001273647854        | 0.951403
12100    | 16.632238        | 3.320137        | 0.00000000000646593890        | 0.951370
12200    | 16.834986        | 3.360662        | 0.00000000000919797571        | 0.951805
12300    | 16.822222        | 3.358383        | 0.00000000000713029635        | 0.951807
12400    | 16.742026        | 3.343982        | -0.00000000000623501251        | 0.951625
12500    | 16.836430        | 3.362014        | 0.00000000001326938559        | 0.951898
12600    | 16.991162        | 3.391557        | 0.00000000001665512173        | 0.952338
12700    | 17.037111        | 3.402172        | 0.00000000008976286381        | 0.952416
12800    | 17.009943        | 3.396204        | 0.00000000004395417363        | 0.952537
12900    | 17.128511        | 3.418494        | 0.00000000006880895853        | 0.952765
13000    | 17.137955        | 3.421905        | 0.00000000006193801028        | 0.952849
13100    | 17.141947        | 3.421442        | 0.00000000005701750183        | 0.952637
13200    | 17.079847        | 3.409203        | 0.00000000002498623530        | 0.952507
13300    | 17.062820        | 3.404628        | 0.00000000007949552128        | 0.952559
13400    | 17.028637        | 3.396653        | -0.00000000001083222401        | 0.952700
13500    | 16.952489        | 3.382230        | 0.00000000005814726478        | 0.951788
13600    | 16.881557        | 3.368583        | 0.00000000006070166592        | 0.951818
13700    | 16.792482        | 3.351109        | 0.00000000000451905180        | 0.951148
13800    | 16.807111        | 3.354034        | 0.00000000009859846273        | 0.951353
13900    | 16.894995        | 3.372255        | 0.00000000011955236801        | 0.951712
14000    | 16.804649        | 3.355417        | 0.00000000005729106078        | 0.951091
14100    | 16.769322        | 3.347928        | 0.00000000008346745517        | 0.951191
14200    | 16.720954        | 3.339159        | 0.00000000009708145399        | 0.950994
14300    | 16.658934        | 3.327134        | 0.00000000012112977288        | 0.950905
14400    | 16.668747        | 3.328202        | 0.00000000007706546512        | 0.951252
14500    | 16.643888        | 3.323506        | 0.00000000007622347198        | 0.951209
14600    | 16.654602        | 3.326819        | 0.00000000000897770747        | 0.951325
14700    | 16.606461        | 3.317456        | 0.00000000000436983782        | 0.951375
14800    | 16.543347        | 3.305944        | -0.00000000000285282908        | 0.951316
14900    | 16.473400        | 3.293796        | -0.00000000020356694108        | 0.951090
15000    | 16.411395        | 3.282454        | -0.00000000020322588057        | 0.950739
15100    | 16.384180        | 3.276836        | -0.00000000011096545904        | 0.950454
15200    | 16.426905        | 3.284689        | -0.00000000000919087029        | 0.950721
15300    | 16.402212        | 3.280228        | 0.00000000002326316917        | 0.950874
15400    | 16.415331        | 3.282128        | 0.00000000001371702751        | 0.951145
15500    | 16.401324        | 3.279757        | -0.00000000003472067078        | 0.951367
15600    | 16.353749        | 3.270666        | -0.00000000017329426782        | 0.951501
15700    | 16.352089        | 3.269543        | -0.00000000021503510084        | 0.951735
15800    | 16.285066        | 3.256148        | -0.00000000012522249904        | 0.951414
15900    | 16.265559        | 3.252416        | -0.00000000010419043406        | 0.951349
16000    | 16.236538        | 3.246983        | -0.00000000017208989789        | 0.950833
16100    | 16.244099        | 3.247811        | -0.00000000024638424634        | 0.951133
16200    | 16.201714        | 3.239743        | -0.00000000033229596852        | 0.950904
16300    | 16.146460        | 3.229054        | -0.00000000034027536344        | 0.950747
16400    | 16.083273        | 3.217479        | -0.00000000030793501082        | 0.950414
16500    | 16.030935        | 3.207353        | -0.00000000025836754958        | 0.950336
16600    | 15.967907        | 3.194313        | -0.00000000025993074360        | 0.949943
16700    | 15.901937        | 3.180311        | -0.00000000033148239709        | 0.949646
16800    | 15.859757        | 3.171121        | -0.00000000043087844404        | 0.949754
16900    | 15.810324        | 3.163675        | -0.00000000043733017208        | 0.949503
17000    | 15.863452        | 3.174221        | -0.00000000049173642935        | 0.949598
17100    | 15.810452        | 3.162904        | -0.00000000043434411623        | 0.949537
17200    | 15.886568        | 3.176390        | -0.00000000041434766729        | 0.949830
17300    | 15.887676        | 3.177902        | -0.00000000034544989092        | 0.949854
17400    | 15.832054        | 3.167321        | -0.00000000037909053674        | 0.949731
17500    | 15.796056        | 3.160006        | -0.00000000041922554317        | 0.949844
17600    | 15.814120        | 3.162896        | -0.00000000051571547033        | 0.949831
17700    | 15.748667        | 3.151229        | -0.00000000057603699588        | 0.949466
17800    | 15.719896        | 3.146383        | -0.00000000060085980635        | 0.949577
17900    | 15.860667        | 3.174084        | -0.00000000053201532069        | 0.949873
18000    | 15.957475        | 3.194796        | -0.00000000042269832079        | 0.950165
18100    | 15.913743        | 3.187080        | -0.00000000034507863234        | 0.949913
18200    | 15.872768        | 3.179235        | -0.00000000031739588735        | 0.949873
18300    | 15.817010        | 3.168700        | -0.00000000022938451139        | 0.949564
18400    | 15.782707        | 3.160561        | -0.00000000023299584484        | 0.949603
18500    | 15.771638        | 3.158870        | -0.00000000021724133603        | 0.949805
18600    | 15.725241        | 3.150468        | -0.00000000022084556406        | 0.949410
18700    | 15.729665        | 3.150145        | -0.00000000015314505220        | 0.949473
18800    | 15.843554        | 3.172592        | -0.00000000020480506180        | 0.949736
18900    | 15.873794        | 3.178290        | -0.00000000014725642927        | 0.949994
19000    | 15.879703        | 3.178885        | -0.00000000007924505496        | 0.950096
19100    | 15.924790        | 3.186793        | -0.00000000007672973368        | 0.950363
19200    | 16.137791        | 3.228769        | -0.00000000007761258303        | 0.950621
19300    | 16.349397        | 3.271439        | -0.00000000008080647262        | 0.950873
19400    | 16.430171        | 3.287492        | -0.00000000013039169744        | 0.951129
19500    | 16.393367        | 3.280457        | -0.00000000013276846289        | 0.951163
19600    | 16.380877        | 3.277547        | -0.00000000016909496026        | 0.951255
19700    | 16.432397        | 3.288382        | -0.00000000010989253951        | 0.951504
19800    | 16.409154        | 3.284186        | -0.00000000016938273006        | 0.951439
19900    | 16.427517        | 3.287056        | -0.00000000025723778663        | 0.951572
20000    | 16.366618        | 3.275780        | -0.00000000022215473905        | 0.951226
20100    | 16.368149        | 3.275683        | -0.00000000021256951754        | 0.951350
20200    | 16.309190        | 3.265168        | -0.00000000021449864107        | 0.950676
20300    | 16.265020        | 3.257144        | -0.00000000014672352222        | 0.950241
20400    | 16.223669        | 3.249768        | -0.00000000004979838764        | 0.950232
20500    | 16.255827        | 3.256121        | -0.00000000011356604546        | 0.950344
20600    | 16.354281        | 3.275117        | -0.00000000010287593000        | 0.950588
20700    | 16.448949        | 3.293417        | -0.00000000004949995969        | 0.950818
20800    | 16.578898        | 3.319578        | -0.00000000000600408612        | 0.951061
20900    | 16.657587        | 3.334453        | -0.00000000005559641636        | 0.951028
21000    | 16.643393        | 3.331471        | -0.00000000008976996924        | 0.951081
21100    | 16.679543        | 3.338567        | -0.00000000010106049331        | 0.951312
21200    | 16.642737        | 3.332100        | -0.00000000019959855990        | 0.951094
21300    | 16.597114        | 3.324011        | 0.00000000000202149408        | 0.950835
21400    | 16.594042        | 3.322628        | 0.00000000021613999479        | 0.950992
21500    | 16.557837        | 3.315515        | -0.00000000002477662520        | 0.950916
21600    | 16.508937        | 3.306288        | -0.00000000002319566761        | 0.950582
21700    | 16.486215        | 3.301351        | 0.00000000010568257380        | 0.950634
21800    | 16.434241        | 3.290954        | 0.00000000009956124813        | 0.950407
21900    | 16.387419        | 3.282220        | 0.00000000015491607996        | 0.950229
22000    | 16.422866        | 3.287293        | 0.00000000019523582750        | 0.950443
22100    | 16.478281        | 3.298641        | 0.00000000015858248048        | 0.950688
22200    | 16.442444        | 3.292137        | 0.00000000008815348451        | 0.950329
22300    | 16.409332        | 3.285373        | 0.00000000013872281102        | 0.950266
22400    | 16.387833        | 3.281405        | 0.00000000002788880238        | 0.950394
22500    | 16.352577        | 3.275115        | -0.00000000002359357154        | 0.950176
22600    | 16.314133        | 3.267627        | -0.00000000006259881502        | 0.950085
22700    | 16.362614        | 3.277837        | -0.00000000000287769808        | 0.950088
22800    | 16.326317        | 3.271405        | 0.00000000003275246740        | 0.949969
22900    | 16.302778        | 3.266004        | 0.00000000003922906444        | 0.949861
23000    | 16.274291        | 3.260898        | 0.00000000007451816941        | 0.949769
23100    | 16.225011        | 3.251364        | 0.00000000011949907730        | 0.949482
23200    | 16.293676        | 3.264279        | 0.00000000016553869386        | 0.949718
23300    | 16.300912        | 3.265480        | 0.00000000026520297070        | 0.949914
23400    | 16.295786        | 3.263956        | 0.00000000024475710347        | 0.949966
23500    | 16.356979        | 3.275940        | 0.00000000027798563451        | 0.950184
23600    | 16.304128        | 3.265863        | 0.00000000030106406257        | 0.949807
23700    | 16.358155        | 3.276110        | 0.00000000043007020167        | 0.949974
23800    | 16.422701        | 3.288298        | 0.00000000040222758457        | 0.950183
23900    | 16.491844        | 3.302293        | 0.00000000042878767204        | 0.950367
24000    | 16.444172        | 3.292813        | 0.00000000035593572534        | 0.950279
24100    | 16.406626        | 3.285633        | 0.00000000035767655504        | 0.950223
24200    | 16.388538        | 3.282319        | 0.00000000022135537847        | 0.950070
24300    | 16.349772        | 3.274590        | 0.00000000029603342000        | 0.949913
24400    | 16.299341        | 3.265382        | 0.00000000031225511066        | 0.949531
24500    | 16.294021        | 3.263466        | 0.00000000022465229677        | 0.949508
24600    | 16.263977        | 3.257934        | 0.00000000026521362884        | 0.949393
24700    | 16.292805        | 3.262973        | 0.00000000014428636064        | 0.949599
24800    | 16.256000        | 3.255821        | 0.00000000014042456087        | 0.949245
24900    | 16.237502        | 3.252386        | 0.00000000014584955466        | 0.949297
25000    | 16.210843        | 3.247885        | 0.00000000003773692470        | 0.949307
25100    | 16.187464        | 3.242169        | -0.00000000004807532150        | 0.949317
25200    | 16.195696        | 3.243593        | -0.00000000000269650968        | 0.949415
25300    | 16.149349        | 3.234575        | 0.00000000002684785727        | 0.949102
25400    | 16.171057        | 3.238827        | -0.00000000001500666258        | 0.949307
25500    | 16.158526        | 3.236172        | -0.00000000005493561162        | 0.949455
25600    | 16.155364        | 3.235648        | 0.00000000002978239877        | 0.949364
25700    | 16.103812        | 3.226336        | 0.00000000007604228358        | 0.948913
25800    | 16.084256        | 3.222347        | 0.00000000024918733743        | 0.948721
25900    | 16.073804        | 3.219335        | 0.00000000046963322120        | 0.948770
26000    | 16.034901        | 3.211946        | 0.00000000053520565757        | 0.948495
26100    | 15.990222        | 3.203297        | 0.00000000055161208934        | 0.948140
26200    | 15.963994        | 3.198096        | 0.00000000063014837792        | 0.948128
26300    | 16.009046        | 3.207541        | 0.00000000051429438486        | 0.948322
26400    | 15.984588        | 3.202303        | 0.00000000059272586839        | 0.948197
26500    | 15.973907        | 3.199756        | 0.00000000067288574712        | 0.948073
26600    | 16.006879        | 3.206173        | 0.00000000068884631332        | 0.948272
26700    | 16.023093        | 3.209162        | 0.00000000057167781620        | 0.948466
26800    | 16.049332        | 3.213680        | 0.00000000059625904214        | 0.948649
26900    | 16.025838        | 3.208268        | 0.00000000062796701172        | 0.948568
27000    | 16.001954        | 3.204331        | 0.00000000076953199368        | 0.948387
27100    | 15.977518        | 3.200085        | 0.00000000081737994151        | 0.948496
27200    | 15.945646        | 3.193614        | 0.00000000068709660184        | 0.948304
27300    | 15.957786        | 3.195584        | 0.00000000048909321038        | 0.948483
27400    | 16.014361        | 3.206922        | 0.00000000047807802162        | 0.948676
27500    | 16.009134        | 3.205323        | 0.00000000034597036347        | 0.948806
27600    | 16.067222        | 3.216171        | 0.00000000037691805232        | 0.948994
27700    | 16.163612        | 3.235970        | 0.00000000042516745680        | 0.949180
27800    | 16.122733        | 3.228495        | 0.00000000034567193552        | 0.948990
27900    | 16.084805        | 3.220655        | 0.00000000030255620231        | 0.948974
28000    | 16.062422        | 3.216298        | 0.00000000023504398428        | 0.948833
28100    | 16.041675        | 3.213023        | 0.00000000035432989876        | 0.948753
28200    | 16.023703        | 3.210068        | 0.00000000043985437514        | 0.948429
28300    | 16.002329        | 3.206176        | 0.00000000052907367376        | 0.948327
28400    | 15.975677        | 3.200703        | 0.00000000048987836010        | 0.948367
28500    | 15.942523        | 3.193951        | 0.00000000052541615503        | 0.948149
28600    | 15.929302        | 3.191574        | 0.00000000054448001663        | 0.947992
28700    | 15.888863        | 3.183830        | 0.00000000054330051569        | 0.947561
28800    | 15.887151        | 3.183510        | 0.00000000058861004959        | 0.947388
28900    | 15.999611        | 3.206024        | 0.00000000063078253731        | 0.947571
29000    | 16.195714        | 3.244154        | 0.00000000069259442625        | 0.947757
29100    | 16.422724        | 3.289202        | 0.00000000069145755788        | 0.947936
29200    | 16.699569        | 3.344404        | 0.00000000076902040291        | 0.948108
29300    | 16.981949        | 3.400917        | 0.00000000076374107039        | 0.948289
29400    | 17.342282        | 3.472519        | 0.00000000078848216845        | 0.948475
29500    | 17.593213        | 3.523205        | 0.00000000076887829437        | 0.948645
29600    | 17.742253        | 3.553397        | 0.00000000087938900606        | 0.948810
29700    | 17.824875        | 3.569807        | 0.00000000103110409100        | 0.948997
29800    | 17.780398        | 3.562272        | 0.00000000113318421313        | 0.948543
29900    | 17.763806        | 3.558307        | 0.00000000113464437845        | 0.948639
30000    | 17.724413        | 3.550753        | 0.00000000123739241076        | 0.948321
30100    | 17.699162        | 3.544944        | 0.00000000134849997835        | 0.948324
30200    | 17.656475        | 3.536307        | 0.00000000129373844970        | 0.948138
30300    | 17.632524        | 3.531890        | 0.00000000119000276300        | 0.947983
30400    | 17.592449        | 3.524147        | 0.00000000102635766552        | 0.947848
30500    | 17.569456        | 3.519800        | 0.00000000104514441546        | 0.947948
30600    | 17.528194        | 3.511629        | 0.00000000094979668575        | 0.947638
30700    | 17.491865        | 3.503988        | 0.00000000090432905608        | 0.947683
30800    | 17.452836        | 3.496812        | 0.00000000101279695741        | 0.947413
30900    | 17.439192        | 3.494465        | 0.00000000105699982100        | 0.947398
31000    | 17.414021        | 3.489197        | 0.00000000136045841259        | 0.947475
31100    | 17.381608        | 3.482862        | 0.00000000119537801879        | 0.947314
31200    | 17.382036        | 3.481943        | 0.00000000109238840196        | 0.947363
31300    | 17.358725        | 3.477656        | 0.00000000086805229671        | 0.947289
31400    | 17.348593        | 3.475385        | 0.00000000094884455848        | 0.947389
31500    | 17.318000        | 3.469923        | 0.00000000093611163265        | 0.947256
31600    | 17.318128        | 3.469929        | 0.00000000092731511359        | 0.947313
31700    | 17.284112        | 3.464429        | 0.00000000075558403978        | 0.947113
31800    | 17.249844        | 3.458081        | 0.00000000070961192478        | 0.946916
31900    | 17.223101        | 3.453454        | 0.00000000077356432371        | 0.946775
32000    | 17.187778        | 3.446949        | 0.00000000089586649210        | 0.946673
32100    | 17.150927        | 3.439873        | 0.00000000096293817364        | 0.946540
32200    | 17.133157        | 3.436257        | 0.00000000060330052065        | 0.946612
32300    | 17.113651        | 3.432017        | 0.00000000065561067686        | 0.946648
32400    | 17.165751        | 3.442031        | 0.00000000076202510968        | 0.946832
32500    | 17.242502        | 3.457373        | 0.00000000074485839718        | 0.946987
32600    | 17.274636        | 3.463725        | 0.00000000090906482342        | 0.947142
32700    | 17.250190        | 3.459029        | 0.00000000090058094315        | 0.947236
32800    | 17.223722        | 3.454793        | 0.00000000088601836978        | 0.947121
32900    | 17.206085        | 3.451288        | 0.00000000068414607313        | 0.947157
33000    | 17.192844        | 3.448475        | 0.00000000067691630079        | 0.947278
33100    | 17.157486        | 3.441791        | 0.00000000078534512227        | 0.947102
33200    | 17.126243        | 3.436531        | 0.00000000078907547163        | 0.946824
33300    | 17.126001        | 3.436200        | 0.00000000064615690576        | 0.946919
33400    | 17.102472        | 3.431735        | 0.00000000066103567065        | 0.946950
33500    | 17.068022        | 3.425425        | 0.00000000089742968612        | 0.946829
33600    | 17.054978        | 3.422833        | 0.00000000077857365000        | 0.946955
33700    | 17.043339        | 3.420747        | 0.00000000070685501896        | 0.946913
33800    | 17.020698        | 3.416593        | 0.00000000075705486324        | 0.946790
33900    | 16.987363        | 3.409602        | 0.00000000062223293185        | 0.946691
34000    | 17.048508        | 3.421031        | 0.00000000040880010488        | 0.946851
34100    | 17.059541        | 3.423433        | 0.00000000040499870124        | 0.946967
34200    | 17.061147        | 3.422517        | 0.00000000039356606862        | 0.947065
34300    | 17.217138        | 3.453254        | 0.00000000067878858090        | 0.947222
34400    | 17.342975        | 3.478160        | 0.00000000076500228374        | 0.947374
34500    | 17.379814        | 3.485905        | 0.00000000082121331957        | 0.947537
34600    | 17.403483        | 3.490158        | 0.00000000090631857574        | 0.947682
34700    | 17.388324        | 3.487676        | 0.00000000092956042863        | 0.947740
34800    | 17.360582        | 3.482102        | 0.00000000079931439245        | 0.947692
34900    | 17.326555        | 3.475548        | 0.00000000070327033086        | 0.947583
35000    | 17.327382        | 3.475526        | 0.00000000076290973539        | 0.947425
35100    | 17.395062        | 3.489331        | 0.00000000074124884009        | 0.947566
35200    | 17.409923        | 3.491507        | 0.00000000085462659172        | 0.947722
35300    | 17.374624        | 3.484421        | 0.00000000078292927697        | 0.947622
35400    | 17.343811        | 3.478589        | 0.00000000077234219020        | 0.947580
35500    | 17.307250        | 3.471719        | 0.00000000097289998280        | 0.947380
35600    | 17.292267        | 3.469153        | 0.00000000101422514831        | 0.947190
35700    | 17.335978        | 3.477619        | 0.00000000104240882592        | 0.947296
35800    | 17.397241        | 3.489957        | 0.00000000087887030986        | 0.947434
35900    | 17.384839        | 3.487557        | 0.00000000081144690967        | 0.947546
36000    | 17.379990        | 3.486691        | 0.00000000082250650735        | 0.947630