Tempo   |   E[N]           |   E[W]           |     Erro_little               |  Ocupação

100     | 33.033342        | 6.352566         | -0.00000000000012789769       | 0.999265
200     | 38.033832        | 7.363762         | -0.00000000000020605739       | 0.998285
300     | 49.777077        | 9.597123         | 0.00000000000059685590        | 0.999569
400     | 60.200089        | 11.627250        | -0.00000000000192557081       | 0.999195
500     | 65.703505        | 12.842749        | -0.00000000000268585154       | 0.999301
600     | 66.805897        | 12.997256        | -0.00000000000147792889       | 0.999697
700     | 68.632371        | 13.491339        | 0.00000000000279953838        | 0.999716
800     | 62.147246        | 12.386098        | 0.00000000000649436060        | 0.992023
900     | 55.665978        | 11.165451        | 0.00000000000247979415        | 0.980115
1000    | 51.336360        | 10.300233        | 0.00000000000359534624        | 0.976543
1100    | 48.141953        | 9.649444         | 0.00000000000750333129        | 0.975880
1200    | 48.789630        | 9.770954         | 0.00000000000465405492        | 0.977838
1300    | 47.883800        | 9.551778         | 0.00000000000118660637        | 0.979844
1400    | 47.313889        | 9.396999         | 0.00000000000889599505        | 0.981191
1500    | 48.875520        | 9.738746         | 0.00000000001767830327        | 0.982551
1600    | 50.794285        | 10.097013        | 0.00000000001738698074        | 0.983473
1700    | 55.316096        | 10.989525        | 0.00000000001368505309        | 0.984406
1800    | 60.793560        | 12.068866        | 0.00000000000630251407        | 0.985213
1900    | 65.304320        | 12.973464        | 0.00000000000285638180        | 0.986301
2000    | 69.877236        | 13.758070        | 0.00000000001152500317        | 0.986790
2100    | 76.612102        | 15.103775        | 0.00000000001692512797        | 0.987345
2200    | 83.116269        | 16.398152        | 0.00000000002839328772        | 0.987915
2300    | 89.043644        | 17.593023        | 0.00000000002576427960        | 0.988428
2400    | 92.766034        | 18.348317        | 0.00000000001858779797        | 0.989019
2500    | 96.856046        | 19.162719        | 0.00000000002468425464        | 0.989644
2600    | 101.159669       | 19.999630        | 0.00000000001280398010        | 0.989774
2700    | 105.752229       | 20.913427        | 0.00000000001610089839        | 0.990469
2800    | 109.900672       | 21.751741        | 0.00000000002094679985        | 0.990527
2900    | 112.566191       | 22.296425        | 0.00000000005378808510        | 0.990959
3000    | 112.681624       | 22.400429        | 0.00000000004527578312        | 0.991273
3100    | 112.961823       | 22.414495        | 0.00000000003851141628        | 0.991447
3200    | 113.848679       | 22.600234        | 0.00000000006708944511        | 0.991705
3300    | 114.588733       | 22.746801        | 0.00000000006848210887        | 0.991965
3400    | 115.627653       | 22.952710        | 0.00000000005641709322        | 0.992191
3500    | 115.704829       | 22.950802        | 0.00000000003258548986        | 0.992456
3600    | 116.134346       | 23.038720        | 0.00000000003862510312        | 0.992637
3700    | 116.276789       | 23.065844        | 0.00000000002178524028        | 0.992888
3800    | 117.227553       | 23.253364        | 0.00000000001057287591        | 0.993078
3900    | 118.452168       | 23.489269        | 0.00000000001492139745        | 0.993270
4000    | 119.375118        | 23.679666        | 0.00000000004156675004        | 0.993359
4100    | 120.940160        | 23.991419        | 0.00000000003952038696        | 0.993525
4200    | 122.571547        | 24.307120        | 0.00000000004185096714        | 0.993667
4300    | 124.715325        | 24.691556        | 0.00000000004665423603        | 0.993843
4400    | 126.684987        | 25.103082        | 0.00000000005682920801        | 0.993964
4500    | 128.041074        | 25.399376        | 0.00000000004905587048        | 0.994099
4600    | 129.128307        | 25.574365        | 0.00000000004050093594        | 0.994217
4700    | 132.183652        | 26.113369        | 0.00000000004328626346        | 0.994459
4800    | 135.251414        | 26.758173        | 0.00000000004530420483        | 0.994477
4900    | 136.890458        | 27.096071        | 0.00000000003120703695        | 0.994584
5000    | 139.017114        | 27.484601        | 0.00000000003197442311        | 0.994677
5100    | 141.380480        | 27.939724        | 0.00000000004880007509        | 0.994804
5200    | 143.726294        | 28.404406        | 0.00000000005366018740        | 0.995048
5300    | 146.313301        | 28.924300        | 0.00000000005334754860        | 0.995031
5400    | 148.672060        | 29.403352        | 0.00000000003916511560        | 0.995115
5500    | 151.334502        | 29.934895        | 0.00000000005212541510        | 0.995365
5600    | 152.981594        | 30.270907        | 0.00000000010282974472        | 0.995400
5700    | 154.426583        | 30.549805        | 0.00000000012929035620        | 0.995331
5800    | 155.355112        | 30.739251        | 0.00000000016265744307        | 0.995484
5900    | 155.819149        | 30.822174        | 0.00000000015765522221        | 0.995526
6000    | 156.047136        | 30.869859        | 0.00000000010953726814        | 0.995612
6100    | 156.671007        | 31.012888        | 0.00000000010498979464        | 0.995652
6200    | 156.443671        | 30.991813        | 0.00000000012548184714        | 0.995736
6300    | 155.772203        | 30.862472        | 0.00000000011320366866        | 0.995841
6400    | 155.400067        | 30.803742        | 0.00000000008768097359        | 0.995851
6500    | 154.618379        | 30.677313        | 0.00000000007918288247        | 0.995915
6600    | 154.102405        | 30.583229        | 0.00000000009842437976        | 0.996035
6700    | 153.701026        | 30.498945        | 0.00000000010180656318        | 0.996049
6800    | 153.649643        | 30.492268        | 0.00000000010888356883        | 0.996097
6900    | 153.391810        | 30.432258        | 0.00000000011195311345        | 0.996202
7000    | 153.217553        | 30.383084        | 0.00000000011644374354        | 0.996213
7100    | 153.125074        | 30.380261        | 0.00000000011417000678        | 0.996276
7200    | 152.531375        | 30.287532        | 0.00000000010288658814        | 0.996314
7300    | 151.755400        | 30.140509        | 0.00000000012136069927        | 0.996373
7400    | 150.670117        | 29.923748        | 0.00000000007534595170        | 0.996418
7500    | 149.880182        | 29.768057        | 0.00000000007719336281        | 0.996461
7600    | 149.005213        | 29.617105        | 0.00000000008478195923        | 0.996514
7700    | 148.263237        | 29.483405        | 0.00000000008685674402        | 0.996597
7800    | 147.967208        | 29.393715        | 0.00000000006451728041        | 0.996601
7900    | 147.959892        | 29.367448        | 0.00000000007315748007        | 0.996638
8000    | 148.364715        | 29.453514        | 0.00000000009339373719        | 0.996708
8100    | 148.751442        | 29.525023        | 0.00000000002816591405        | 0.996740
8200    | 149.465015        | 29.640696        | 0.00000000002640376806        | 0.996863
8300    | 150.689783        | 29.871631        | 0.00000000003265654414        | 0.996796
8400    | 152.362175        | 30.175707        | -0.00000000002384581421        | 0.996859
8500    | 154.272915        | 30.576873        | -0.00000000002142996891        | 0.996904
8600    | 156.020403        | 30.918623        | 0.00000000000244426701        | 0.996908
8700    | 157.567087        | 31.246921        | 0.00000000001290345608        | 0.996952
8800    | 159.064281        | 31.520575        | 0.00000000001989519660        | 0.996992
8900    | 160.619848        | 31.829280        | 0.00000000004553157851        | 0.997107
9000    | 162.474504        | 32.175293        | 0.00000000005567812877        | 0.997086
9100    | 164.401790        | 32.575367        | 0.00000000005567812877        | 0.997123
9200    | 166.096720        | 32.918072        | 0.00000000009640643839        | 0.997112
9300    | 167.760225        | 33.255251        | 0.00000000009057998795        | 0.997138
9400    | 168.937069        | 33.498754        | 0.00000000009552536540        | 0.997196
9500    | 169.871105        | 33.708809        | 0.00000000013307044355        | 0.997254
9600    | 170.702385        | 33.890534        | 0.00000000012383338799        | 0.997294
9700    | 171.267244        | 33.996199        | 0.00000000011263523447        | 0.997269
9800    | 171.960550        | 34.145427        | 0.00000000013631051843        | 0.997284
9900    | 172.670941        | 34.285532        | 0.00000000010254552762        | 0.997312
10000    | 173.755337        | 34.482107        | 0.00000000008381562111        | 0.997400
10100    | 174.913667        | 34.710548        | 0.00000000014330225895        | 0.997385
10200    | 175.732637        | 34.868943        | 0.00000000016638068701        | 0.997398
10300    | 176.546519        | 35.018952        | 0.00000000014398437997        | 0.997506
10400    | 177.585929        | 35.224551        | 0.00000000014225065570        | 0.997473
10500    | 178.223538        | 35.363818        | 0.00000000025377744350        | 0.997474
10600    | 179.380171        | 35.573991        | 0.00000000027839064387        | 0.997491
10700    | 180.954407        | 35.881695        | 0.00000000022427570912        | 0.997524
10800    | 182.521483        | 36.183337        | 0.00000000017413981368        | 0.997568
10900    | 184.288097        | 36.547801        | 0.00000000018187051865        | 0.997619
11000    | 186.045348        | 36.891800        | 0.00000000017871570890        | 0.997585
11100    | 188.072797        | 37.291368        | 0.00000000022171775527        | 0.997603
11200    | 190.323564        | 37.740548        | 0.00000000029049829209        | 0.997638
11300    | 192.433784        | 38.172593        | 0.00000000028006752473        | 0.997654
11400    | 194.542729        | 38.594374        | 0.00000000032804337025        | 0.997672
11500    | 196.774063        | 39.051232        | 0.00000000022581048142        | 0.997697
11600    | 198.957020        | 39.472223        | 0.00000000018758328224        | 0.997706
11700    | 201.104610        | 39.885475        | 0.00000000021353230295        | 0.997745
11800    | 203.190267        | 40.301298        | 0.00000000022410517886        | 0.997752
11900    | 205.019242        | 40.663505        | 0.00000000026830093702        | 0.997768
12000    | 206.531282        | 40.978429        | 0.00000000024590462999        | 0.997882
12100    | 207.982159        | 41.254125        | 0.00000000022183144210        | 0.997808
12200    | 209.861205        | 41.622205        | 0.00000000013153567124        | 0.997822
12300    | 211.544768        | 41.967752        | 0.00000000011593215277        | 0.997840
12400    | 213.175230        | 42.311567        | 0.00000000011650058696        | 0.997862
12500    | 214.661975        | 42.607217        | 0.00000000021901769287        | 0.997872
12600    | 216.299950        | 42.920036        | 0.00000000021208279577        | 0.997895
12700    | 217.973569        | 43.267651        | 0.00000000019980461730        | 0.997911
12800    | 219.544847        | 43.576697        | 0.00000000020330048756        | 0.997945
12900    | 221.272245        | 43.914706        | 0.00000000013341150407        | 0.997958
13000    | 223.232146        | 44.302235        | 0.00000000012710188457        | 0.997959
13100    | 224.885611        | 44.631653        | 0.00000000005366018740        | 0.997970
13200    | 226.132239        | 44.903280        | 0.00000000005610445442        | 0.997987
13300    | 226.901138        | 45.033503        | 0.00000000010740563994        | 0.998001
13400    | 227.841218        | 45.208599        | 0.00000000014367174117        | 0.998021
13500    | 228.665525        | 45.357478        | 0.00000000020065726858        | 0.998063
13600    | 229.811105        | 45.590790        | 0.00000000015720047486        | 0.998045
13700    | 230.437059        | 45.742838        | 0.00000000017908519112        | 0.998091
13800    | 230.595799        | 45.803843        | 0.00000000020614265850        | 0.998106
13900    | 230.692603        | 45.824016        | 0.00000000026761881600        | 0.998095
14000    | 230.552966        | 45.807609        | 0.00000000027458213481        | 0.998102
14100    | 230.252535        | 45.748760        | 0.00000000029518787414        | 0.998115
14200    | 229.865171        | 45.689886        | 0.00000000028879298952        | 0.998133
14300    | 229.210220        | 45.579405        | 0.00000000027381474865        | 0.998198
14400    | 228.114431        | 45.382736        | 0.00000000028012436815        | 0.998171
14500    | 226.986165        | 45.166107        | 0.00000000033361402529        | 0.998168
14600    | 225.655752        | 44.927438        | 0.00000000034157210393        | 0.998083
14700    | 224.176250        | 44.651178        | 0.00000000045139358917        | 0.997497
14800    | 222.959597        | 44.422035        | 0.00000000044724401960        | 0.997492
14900    | 221.717118        | 44.194527        | 0.00000000038630787458        | 0.997514
15000    | 220.379809        | 43.930698        | 0.00000000047938897296        | 0.997389
15100    | 219.023293        | 43.668736        | 0.00000000048783022066        | 0.997215
15200    | 217.617478        | 43.402995        | 0.00000000048078163672        | 0.996515
15300    | 216.360004        | 43.138356        | 0.00000000047387516133        | 0.996500
15400    | 215.370447        | 42.925245        | 0.00000000042609826778        | 0.996530
15500    | 214.436273        | 42.773560        | 0.00000000031207036955        | 0.996557
15600    | 213.453045        | 42.564552        | 0.00000000017158185983        | 0.996597
15700    | 212.452807        | 42.364816        | 0.00000000007702283256        | 0.996590
15800    | 211.345703        | 42.143776        | 0.00000000014981083041        | 0.996642
15900    | 210.186686        | 41.912917        | 0.00000000023146640160        | 0.996637
16000    | 209.072884        | 41.683274        | 0.00000000022509993869        | 0.996662
16100    | 208.102517        | 41.491133        | 0.00000000027475266506        | 0.996688
16200    | 206.989448        | 41.269496        | 0.00000000030513547244        | 0.996661
16300    | 205.906126        | 41.068350        | 0.00000000032559910323        | 0.996657
16400    | 204.858588        | 40.853641        | 0.00000000027549162951        | 0.996637
16500    | 203.720415        | 40.620007        | 0.00000000026224711291        | 0.996572
16600    | 202.565351        | 40.376374        | 0.00000000011968381841        | 0.996472
16700    | 201.420270        | 40.141276        | 0.00000000013190515347        | 0.996378
16800    | 200.266240        | 39.925392        | 0.00000000004536104825        | 0.996183
16900    | 199.352725        | 39.746836        | -0.00000000001088551471        | 0.996198
17000    | 198.374568        | 39.556245        | -0.00000000005982769835        | 0.996233
17100    | 197.303145        | 39.339161        | -0.00000000015859313862        | 0.995856
17200    | 196.209590        | 39.128173        | -0.00000000009532641343        | 0.995831
17300    | 195.128692        | 38.926285        | -0.00000000018795276446        | 0.995339
17400    | 194.108313        | 38.731734        | -0.00000000018664536583        | 0.995190
17500    | 193.063316        | 38.521093        | -0.00000000020091306396        | 0.994705
17600    | 192.234913        | 38.348062        | -0.00000000021807977646        | 0.994747
17700    | 191.440873        | 38.194953        | -0.00000000025156055017        | 0.994763
17800    | 190.715662        | 38.064011        | -0.00000000020057200345        | 0.994791
17900    | 190.161506        | 37.953849        | -0.00000000024326141101        | 0.994823
18000    | 189.700849        | 37.875361        | -0.00000000014216539057        | 0.994860
18100    | 189.298721        | 37.799599        | -0.00000000008228084880        | 0.994880
18200    | 188.833715        | 37.708316        | -0.00000000001480771061        | 0.994910
18300    | 188.276141        | 37.593189        | -0.00000000003396394277        | 0.994933
18400    | 187.478911        | 37.442874        | -0.00000000007278799785        | 0.994971
18500    | 186.568429        | 37.270975        | -0.00000000015668888409        | 0.994962
18600    | 185.687974        | 37.094119        | -0.00000000018596324480        | 0.994987
18700    | 184.786007        | 36.906677        | -0.00000000018582113626        | 0.994860
18800    | 183.963563        | 36.737216        | -0.00000000020304469217        | 0.994917
18900    | 183.111009        | 36.564164        | -0.00000000022427570912        | 0.994914
19000    | 182.245813        | 36.393997        | -0.00000000030067326406        | 0.994864
19100    | 181.419512        | 36.232683        | -0.00000000035049652070        | 0.994892
19200    | 180.647703        | 36.072051        | -0.00000000028623503567        | 0.994918
19300    | 179.904451        | 35.929137        | -0.00000000034808067539        | 0.994943
19400    | 179.193486        | 35.781889        | -0.00000000031505464904        | 0.994964
19500    | 178.580784        | 35.658372        | -0.00000000022586732484        | 0.994990
19600    | 178.239821        | 35.578985        | -0.00000000023288748707        | 0.995026
19700    | 177.978827        | 35.540921        | -0.00000000024107293939        | 0.995047
19800    | 177.738260        | 35.483853        | -0.00000000015876366888        | 0.995090
19900    | 177.580342        | 35.448734        | -0.00000000021668711270        | 0.995098
20000    | 177.155526        | 35.369562        | -0.00000000016353851606        | 0.995117
20100    | 176.756882        | 35.286071        | -0.00000000014051693142        | 0.995139
20200    | 176.498218        | 35.232318        | -0.00000000022933477339        | 0.995165
20300    | 176.355735        | 35.210786        | -0.00000000018741275198        | 0.995215
20400    | 176.224052        | 35.188922        | -0.00000000020187940208        | 0.995211
20500    | 176.114430        | 35.171758        | -0.00000000024115820452        | 0.995234
20600    | 176.038242        | 35.149975        | -0.00000000018877699404        | 0.995265
20700    | 175.844170        | 35.124038        | -0.00000000023490542844        | 0.995280
20800    | 175.610303        | 35.068446        | -0.00000000034074787436        | 0.995306
20900    | 175.362414        | 35.007493        | -0.00000000034771119317        | 0.995328
21000    | 175.168615        | 34.964128        | -0.00000000034290792428        | 0.995347
21100    | 175.033058        | 34.948640        | -0.00000000031397462408        | 0.995369
21200    | 174.767974        | 34.903873        | -0.00000000022188828552        | 0.995396
21300    | 174.628957        | 34.861960        | -0.00000000021020696295        | 0.995434
21400    | 174.599306        | 34.856988        | -0.00000000031545255297        | 0.995434
21500    | 174.582029        | 34.851566        | -0.00000000027586111173        | 0.995463
21600    | 174.450021        | 34.822616        | -0.00000000019423396225        | 0.995482
21700    | 174.501028        | 34.821576        | -0.00000000006687628229        | 0.995497
21800    | 174.489545        | 34.824107        | -0.00000000011758061191        | 0.995535
21900    | 174.529246        | 34.832050        | -0.00000000004826006261        | 0.995545
22000    | 174.526516        | 34.818889        | -0.00000000013696421775        | 0.995561
22100    | 174.661920        | 34.850698        | 0.00000000000503064257        | 0.995598
22200    | 174.560692        | 34.832745        | -0.00000000002216893336        | 0.995601
22300    | 174.503446        | 34.827286        | 0.00000000001148237061        | 0.995625
22400    | 174.508771        | 34.825573        | 0.00000000011237943909        | 0.995649
22500    | 174.605175        | 34.850714        | 0.00000000017118395590        | 0.995664
22600    | 174.799056        | 34.882945        | 0.00000000013648104868        | 0.995679
22700    | 174.969160        | 34.920299        | 0.00000000027492319532        | 0.995698
22800    | 175.124131        | 34.957365        | 0.00000000030519231586        | 0.995714
22900    | 175.256399        | 34.984671        | 0.00000000022930635168        | 0.995741
23000    | 175.283932        | 34.996228        | 0.00000000038983216655        | 0.995752
23100    | 175.145612        | 34.962527        | 0.00000000017877255232        | 0.995772
23200    | 174.930697        | 34.926223        | 0.00000000018994228412        | 0.995796
23300    | 174.561004        | 34.856251        | 0.00000000010967937669        | 0.995819
23400    | 174.198070        | 34.771557        | 0.00000000000682121026        | 0.995829
23500    | 173.888850        | 34.710712        | 0.00000000006897948879        | 0.995846
23600    | 173.530041        | 34.646991        | 0.00000000008569145393        | 0.995861
23700    | 173.051775        | 34.551457        | -0.00000000000216004992        | 0.995881
23800    | 172.557445        | 34.449538        | -0.00000000007170797289        | 0.995897
23900    | 172.131406        | 34.361297        | -0.00000000010822986951        | 0.995926
24000    | 171.525389        | 34.251987        | -0.00000000013093881535        | 0.995773
24100    | 170.879530        | 34.123517        | -0.00000000011453948900        | 0.995743
24200    | 170.259966        | 34.000010        | -0.00000000029206148611        | 0.995757
24300    | 169.602632        | 33.875638        | -0.00000000028151703191        | 0.995536
24400    | 168.966053        | 33.742044        | -0.00000000023078428057        | 0.995463
24500    | 168.329411        | 33.614569        | -0.00000000021663026928        | 0.995300
24600    | 167.730702        | 33.493857        | -0.00000000021597656996        | 0.995185
24700    | 167.297879        | 33.390901        | -0.00000000020548895918        | 0.995215
24800    | 167.209909        | 33.373083        | -0.00000000018516743694        | 0.995227
24900    | 167.069405        | 33.351999        | -0.00000000037130121200        | 0.995250
25000    | 166.987532        | 33.329514        | -0.00000000023834445528        | 0.995274
25100    | 166.917432        | 33.315793        | -0.00000000014165379980        | 0.995283
25200    | 166.710325        | 33.274723        | -0.00000000005769607014        | 0.995300
25300    | 166.445435        | 33.222380        | -0.00000000004399680620        | 0.995320
25400    | 166.057366        | 33.151956        | -0.00000000008907363735        | 0.995337
25500    | 165.566823        | 33.056326        | -0.00000000019142021301        | 0.995359
25600    | 165.089119        | 32.961429        | -0.00000000022140511646        | 0.995383
25700    | 164.667545        | 32.869305        | -0.00000000014657075553        | 0.995396
25800    | 164.297295        | 32.791842        | -0.00000000024010660127        | 0.995411
25900    | 163.919579        | 32.711924        | -0.00000000013767476048        | 0.995435
26000    | 163.598102        | 32.643786        | -0.00000000009080736163        | 0.995459
26100    | 163.186562        | 32.568183        | 0.00000000004564526535        | 0.995464
26200    | 162.648966        | 32.467584        | -0.00000000001378452907        | 0.995489
26300    | 162.136917        | 32.358238        | -0.00000000004467892722        | 0.995500
26400    | 161.691177        | 32.260029        | 0.00000000012104806046        | 0.995515
26500    | 161.338870        | 32.194637        | 0.00000000021114487936        | 0.995542
26600    | 160.814263        | 32.091672        | 0.00000000019861090550        | 0.995523
26700    | 160.271709        | 31.983188        | 0.00000000021745449885        | 0.995351
26800    | 159.795157        | 31.881706        | 0.00000000013926637621        | 0.995361
26900    | 159.289787        | 31.782577        | 0.00000000020028778636        | 0.995394
27000    | 158.781460        | 31.691266        | 0.00000000016041212803        | 0.995360
27100    | 158.252875        | 31.585074        | 0.00000000007250378076        | 0.995251
27200    | 157.738561        | 31.483357        | 0.00000000011189627003        | 0.995245
27300    | 157.239832        | 31.379002        | 0.00000000015279510990        | 0.995256
27400    | 156.717713        | 31.283032        | 0.00000000019201706891        | 0.994982
27500    | 156.201484        | 31.177036        | 0.00000000007466383067        | 0.994924
27600    | 155.672924        | 31.073339        | 0.00000000013150724953        | 0.994760
27700    | 155.172894        | 30.980447        | 0.00000000014927081793        | 0.994660
27800    | 154.646400        | 30.877965        | 0.00000000017240608940        | 0.994512
27900    | 154.160755        | 30.779198        | 0.00000000014480860955        | 0.994509
28000    | 153.695015        | 30.689243        | 0.00000000016851231521        | 0.994542
28100    | 153.286367        | 30.606734        | 0.00000000008699885257        | 0.994551
28200    | 152.944765        | 30.541084        | 0.00000000011851852832        | 0.994571
28300    | 152.580221        | 30.469747        | 0.00000000011394263311        | 0.994589
28400    | 152.093048        | 30.372623        | 0.00000000008938627616        | 0.994501
28500    | 151.665510        | 30.284222        | 0.00000000018687273950        | 0.994405
28600    | 151.192345        | 30.187593        | 0.00000000012116174730        | 0.994422
28700    | 150.785399        | 30.108612        | 0.00000000010854250831        | 0.994435
28800    | 150.395767        | 30.030979        | 0.00000000007142375580        | 0.994453
28900    | 150.111245        | 29.967499        | 0.00000000016987655727        | 0.994473
29000    | 149.804988        | 29.907371        | 0.00000000023126744964        | 0.994508
29100    | 149.375713        | 29.826969        | 0.00000000019068124857        | 0.994509
29200    | 148.879116        | 29.738345        | 0.00000000015711520973        | 0.994117
29300    | 148.415752        | 29.642481        | -0.00000000009279688129        | 0.994035
29400    | 147.976047        | 29.561023        | 0.00000000013531575860        | 0.993874
29500    | 147.523666        | 29.475358        | 0.00000000015256773622        | 0.993863
29600    | 147.077556        | 29.382952        | -0.00000000008137135410        | 0.993802
29700    | 146.663004        | 29.302805        | -0.00000000016305534700        | 0.993807
29800    | 146.265084        | 29.221834        | 0.00000000012036593944        | 0.993743
29900    | 145.960067        | 29.151844        | 0.00000000007423750503        | 0.993780
30000    | 145.700131        | 29.095026        | 0.00000000016265744307        | 0.993781
30100    | 145.395653        | 29.033603        | 0.00000000039895553527        | 0.993806
30200    | 144.990370        | 28.954355        | 0.00000000033477931538        | 0.993744
30300    | 144.628364        | 28.882968        | 0.00000000028279600883        | 0.993751
30400    | 144.171581        | 28.801535        | 0.00000000037903191696        | 0.993385
30500    | 143.748258        | 28.715570        | 0.00000000019926460482        | 0.993131
30600    | 143.375503        | 28.639161        | 0.00000000006741629477        | 0.993162
30700    | 142.981312        | 28.562211        | -0.00000000002387423592        | 0.993135
30800    | 142.608921        | 28.487747        | -0.00000000013184831005        | 0.993157
30900    | 142.322860        | 28.427221        | -0.00000000026500401873        | 0.993189
31000    | 142.123784        | 28.383555        | -0.00000000008057554624        | 0.993201
31100    | 141.938057        | 28.341864        | -0.00000000014409806681        | 0.993226
31200    | 141.739028        | 28.301543        | -0.00000000014884449229        | 0.993249
31300    | 141.595126        | 28.270974        | -0.00000000031081981433        | 0.993266
31400    | 141.557896        | 28.262974        | -0.00000000027671376301        | 0.993290
31500    | 141.684915        | 28.283290        | -0.00000000042601300265        | 0.993316
31600    | 141.826441        | 28.323341        | -0.00000000025613644539        | 0.993333
31700    | 141.811962        | 28.323972        | -0.00000000031215563467        | 0.993359
31800    | 141.755422        | 28.317424        | 0.00000000001205080480        | 0.993374
31900    | 141.656980        | 28.301232        | -0.00000000001512034942        | 0.993393
32000    | 141.473592        | 28.271395        | -0.00000000004246203389        | 0.993414
32100    | 141.216951        | 28.214560        | 0.00000000000289901436        | 0.993436
32200    | 141.065857        | 28.184112        | -0.00000000028762769944        | 0.993469
32300    | 140.886946        | 28.150720        | -0.00000000037135805542        | 0.993488
32400    | 140.655325        | 28.104522        | -0.00000000024385826691        | 0.993519
32500    | 140.405589        | 28.055048        | -0.00000000033702463043        | 0.993525
32600    | 140.201044        | 28.018378        | -0.00000000021910295800        | 0.993537
32700    | 139.893687        | 27.968474        | -0.00000000024931523512        | 0.993508
32800    | 139.499580        | 27.895494        | -0.00000000009458744898        | 0.993193
32900    | 139.125713        | 27.820576        | 0.00000000001423927642        | 0.993136
33000    | 138.757019        | 27.748208        | -0.00000000001682565198        | 0.993005
33100    | 138.373962        | 27.678304        | 0.00000000008211031854        | 0.992864
33200    | 138.003803        | 27.604086        | 0.00000000007162270776        | 0.992806
33300    | 137.706401        | 27.543265        | -0.00000000018653167899        | 0.992835
33400    | 137.416091        | 27.491449        | -0.00000000007202061170        | 0.992847
33500    | 137.090744        | 27.427810        | 0.00000000005522338142        | 0.992869
33600    | 136.799725        | 27.369557        | 0.00000000023143797989        | 0.992893
33700    | 136.534679        | 27.315366        | 0.00000000010015810403        | 0.992914
33800    | 136.282117        | 27.261424        | 0.00000000011689849089        | 0.992931
33900    | 135.989991        | 27.204579        | 0.00000000020438051251        | 0.992964
34000    | 135.718438        | 27.147520        | 0.00000000041026737563        | 0.992975
34100    | 135.507595        | 27.101042        | 0.00000000036965275285        | 0.992995
34200    | 135.233764        | 27.046278        | 0.00000000045466208576        | 0.993024
34300    | 134.939877        | 26.984357        | 0.00000000039821657083        | 0.993036
34400    | 134.714823        | 26.939989        | 0.00000000050565063248        | 0.993057
34500    | 134.504292        | 26.896493        | 0.00000000065054450715        | 0.993078
34600    | 134.310747        | 26.859200        | 0.00000000071898398346        | 0.993100
34700    | 134.134748        | 26.827723        | 0.00000000071850081440        | 0.993121
34800    | 133.799007        | 26.760878        | 0.00000000048464698921        | 0.993138
34900    | 133.454061        | 26.691730        | 0.00000000037994141167        | 0.993146
35000    | 133.182452        | 26.639383        | 0.00000000023857182896        | 0.993181
35100    | 133.024498        | 26.595353        | 0.00000000030578917176        | 0.993177
35200    | 132.890551        | 26.566789        | 0.00000000026108182283        | 0.993198
35300    | 132.723402        | 26.536111        | 0.00000000036249048208        | 0.993224
35400    | 132.545312        | 26.503971        | 0.00000000047845105655        | 0.993242
35500    | 132.300343        | 26.456790        | 0.00000000046898662731        | 0.993254
35600    | 132.004017        | 26.400210        | 0.00000000034447111830        | 0.993278
35700    | 131.672437        | 26.336405        | 0.00000000041123371375        | 0.993208
35800    | 131.330213        | 26.274262        | 0.00000000033293190427        | 0.992976
35900    | 130.988939        | 26.206402        | 0.00000000044713033276        | 0.992900
36000    | 130.671517        | 26.140403        | 0.00000000049863047025        | 0.992840