Tempo   |   E[N]          |    E[W]         | Erro_little                   |  Ocupação

100     | 8.781514        | 1.695273        | -0.00000000000004796163       | 0.928305
200     | 8.234784        | 1.629037        | 0.00000000000008704149        | 0.923862
300     | 7.538206        | 1.499643        | -0.00000000000039879211       | 0.900076
400     | 6.976252        | 1.396647        | 0.00000000000019984014        | 0.890160
500     | 7.049241        | 1.412108        | -0.00000000000052935434       | 0.890527
600     | 7.037825        | 1.396856        | -0.00000000000108446585       | 0.890116
700     | 7.365921        | 1.475714        | -0.00000000000281819013       | 0.889665
800     | 7.170015        | 1.436517        | 0.00000000000006306067        | 0.891097
900     | 7.013645        | 1.405853        | 0.00000000000413269419        | 0.890909
1000    | 6.854584        | 1.376423        | 0.00000000000509015052        | 0.888004
1100    | 8.225229        | 1.642656        | -0.00000000000007993606       | 0.896607
1200    | 8.096223        | 1.620055        | 0.00000000000268585154        | 0.895045
1300    | 11.244483       | 2.224936        | 0.00000000000705391301        | 0.902900
1400    | 12.067371       | 2.386203        | 0.00000000001067945732        | 0.908999
1500    | 11.941394       | 2.371206        | 0.00000000001114486281        | 0.906562
1600    | 12.018059       | 2.385423        | 0.00000000000812327983        | 0.908278
1700    | 11.614797       | 2.316963        | 0.00000000000900790553        | 0.902071
1800    | 11.230481       | 2.244351        | 0.00000000001674926864        | 0.898568
1900    | 10.865416       | 2.171712        | 0.00000000000713562542        | 0.897007
2000    | 10.699509       | 2.129467        | -0.00000000000584421400       | 0.896904
2100    | 10.395067       | 2.069945        | -0.00000000000573585623       | 0.897276
2200    | 10.175461       | 2.030662        | -0.00000000000914468501       | 0.895654
2300    | 9.918484        | 1.983179        | -0.00000000000181010762       | 0.892984
2400    | 10.337850       | 2.059162        | -0.00000000000621014351       | 0.897473
2500    | 10.275548       | 2.049208        | 0.00000000000303934655        | 0.898889
2600    | 10.291418       | 2.050398        | -0.00000000000542321743       | 0.900765
2700    | 10.065275       | 2.011714        | -0.00000000001232614011       | 0.896933
2800    | 10.221502       | 2.038331        | -0.00000000001616307088       | 0.899560
2900    | 10.214035       | 2.034109        | 0.00000000000079936058        | 0.900104
3000    | 10.141078       | 2.024976        | -0.00000000000989608395       | 0.898925
3100    | 9.970853        | 1.989550        | -0.00000000003141664706       | 0.898610
3200    | 9.842293        | 1.966247        | -0.00000000000684430290       | 0.897036
3300    | 9.679951        | 1.937047        | -0.00000000001017497198       | 0.894617
3400    | 9.553306        | 1.912912        | 0.00000000000884803342        | 0.893440
3500    | 9.476459        | 1.893993        | 0.00000000001598721155        | 0.893915
3600    | 9.399873        | 1.878201        | 0.00000000001975308805        | 0.894550
3700    | 9.326549        | 1.863899        | 0.00000000002608935290        | 0.894948
3800    | 9.290088        | 1.857333        | -0.00000000000054178884       | 0.895404
3900    | 9.305165        | 1.861510        | -0.00000000000109956488       | 0.895112
4000    | 9.358149        | 1.871817        | -0.00000000004139621979       | 0.895963
4100    | 9.327058        | 1.865503        | -0.00000000002494893181        | 0.896009
4200    | 9.216986        | 1.843309        | -0.00000000002586020287        | 0.895335
4300    | 9.149260        | 1.829171        | -0.00000000000876276829        | 0.894772
4400    | 9.115185        | 1.824198        | -0.00000000001462119315        | 0.894987
4500    | 9.041698        | 1.809949        | -0.00000000002828315360        | 0.893575
4600    | 9.010788        | 1.803177        | -0.00000000004295408473        | 0.893427
4700    | 9.032984        | 1.804984        | -0.00000000003922906444        | 0.894683
4800    | 8.953158        | 1.787726        | -0.00000000005674039016        | 0.895582
4900    | 8.866194        | 1.771720        | -0.00000000003956301953        | 0.894253
5000    | 8.750621        | 1.751105        | -0.00000000004934008757        | 0.892314
5100    | 8.681823        | 1.736705        | -0.00000000003214495337        | 0.892163
5200    | 8.780958        | 1.754639        | -0.00000000002576605596        | 0.893764
5300    | 8.746386        | 1.748222        | -0.00000000001398881011        | 0.893232
5400    | 8.685985        | 1.737969        | 0.00000000001936584226        | 0.892855
5500    | 8.687486        | 1.737497        | 0.00000000000462030414        | 0.893169
5600    | 8.759511        | 1.751089        | 0.00000000002154898482        | 0.893747
5700    | 8.696935        | 1.737253        | 0.00000000002263433885        | 0.893927
5800    | 8.930188        | 1.780695        | 0.00000000003380229430        | 0.895761
5900    | 8.972211        | 1.788380        | 0.00000000002778577368        | 0.897030
6000    | 9.157604        | 1.822288        | 0.00000000001732125554        | 0.898702
6100    | 9.154955        | 1.822625        | -0.00000000001669597793        | 0.899530
6200    | 9.081540        | 1.808839        | -0.00000000002497024809        | 0.898419
6300    | 9.025082        | 1.797598        | -0.00000000004750866367        | 0.898877
6400    | 9.057660        | 1.804202        | -0.00000000007626788090        | 0.899758
6500    | 8.971357        | 1.789646        | -0.00000000007766054466        | 0.897767
6600    | 8.866701        | 1.772696        | -0.00000000007685585501        | 0.895386
6700    | 8.775124        | 1.755025        | -0.00000000011407763623        | 0.894688
6800    | 8.704011        | 1.742442        | -0.00000000011917222764        | 0.893978
6900    | 8.710888        | 1.742279        | -0.00000000014393819470        | 0.894139
7000    | 8.752055        | 1.749611        | -0.00000000016491519261        | 0.894768
7100    | 8.853894        | 1.769632        | -0.00000000017192469670        | 0.895929
7200    | 8.884961        | 1.774331        | -0.00000000014633805279        | 0.896869
7300    | 8.862876        | 1.770199        | -0.00000000015076828674        | 0.897237
7400    | 8.835934        | 1.764992        | -0.00000000019670132190        | 0.896958
7500    | 8.850311        | 1.767752        | -0.00000000014566126083        | 0.897289
7600    | 8.866865        | 1.772393        | -0.00000000018169110660        | 0.897616
7700    | 8.840912        | 1.768320        | -0.00000000018751222797        | 0.896879
7800    | 8.927079        | 1.783815        | -0.00000000020129142797        | 0.897983
7900    | 8.871131        | 1.773732        | -0.00000000015882939408        | 0.897532
8000    | 8.845084        | 1.767691        | -0.00000000016928858315        | 0.897770
8100    | 8.804611        | 1.759402        | -0.00000000014982681762        | 0.898003
8200    | 8.836499        | 1.764159        | -0.00000000010277823037        | 0.898789
8300    | 8.967706        | 1.789488        | -0.00000000010253842220        | 0.899991
8400    | 8.994524        | 1.793695        | -0.00000000015435297485        | 0.900648
8500    | 8.929726        | 1.781251        | -0.00000000011745449058        | 0.900413
8600    | 8.880825        | 1.772496        | -0.00000000012835954522        | 0.900182
8700    | 8.857854        | 1.768197        | -0.00000000011946710288        | 0.899884
8800    | 8.859654        | 1.768033        | -0.00000000005109868084        | 0.899627
8900    | 8.819706        | 1.760223        | -0.00000000001466027300        | 0.899524
9000    | 8.809387        | 1.757542        | -0.00000000005242561940        | 0.899941
9100    | 8.757593        | 1.748291        | -0.00000000004822098276        | 0.899126
9200    | 8.716074        | 1.740000        | -0.00000000002059685755        | 0.898857
9300    | 8.763442        | 1.748740        | -0.00000000000219912977        | 0.899587
9400    | 8.906680        | 1.776309        | 0.00000000001667288529        | 0.900568
9500    | 8.898839        | 1.775991        | -0.00000000001246824866        | 0.900488
9600    | 8.918250        | 1.779720        | -0.00000000002185807091        | 0.901050
9700    | 8.893650        | 1.774888        | 0.00000000002309974434        | 0.901382
9800    | 8.908166        | 1.776955        | -0.00000000000483701967        | 0.901903
9900    | 8.878375        | 1.771452        | 0.00000000000776090303        | 0.901968
10000    | 8.862531        | 1.768404        | 0.00000000001075761702        | 0.902465
10100    | 8.885988        | 1.771620        | 0.00000000000610889117        | 0.902594
10200    | 8.921958        | 1.777942        | 0.00000000001405986438        | 0.902960
10300    | 8.953797        | 1.783901        | -0.00000000003416111838        | 0.903089
10400    | 8.978716        | 1.788452        | -0.00000000006348166437        | 0.903566
10500    | 9.123006        | 1.816780        | 0.00000000002498268259        | 0.904322
10600    | 9.226249        | 1.837035        | -0.00000000005695710570        | 0.905134
10700    | 9.222477        | 1.836531        | 0.00000000001385735970        | 0.904766
10800    | 9.198884        | 1.831738        | 0.00000000001454658616        | 0.904600
10900    | 9.175861        | 1.828195        | -0.00000000000714450721        | 0.904454
11000    | 9.132516        | 1.820380        | -0.00000000004861000491        | 0.904087
11100    | 9.074997        | 1.810107        | 0.00000000004606448556        | 0.903277
11200    | 9.019857        | 1.799986        | 0.00000000005860734120        | 0.902515
11300    | 9.047112        | 1.805460        | 0.00000000001995914545        | 0.902759
11400    | 9.013361        | 1.798917        | 0.00000000001052846699        | 0.902877
11500    | 8.973779        | 1.792480        | -0.00000000002647482233        | 0.902363
11600    | 8.983672        | 1.793117        | 0.00000000002433608870        | 0.902953
11700    | 9.211334        | 1.836678        | -0.00000000003211830801        | 0.903787
11800    | 9.252495        | 1.844528        | -0.00000000004047606694        | 0.904015
11900    | 9.237524        | 1.841501        | -0.00000000007402967128        | 0.903917
12000    | 9.201702        | 1.835049        | -0.00000000004654943098        | 0.903382
12100    | 9.195028        | 1.833128        | -0.00000000003440270291        | 0.903928
12200    | 9.174516        | 1.829026        | -0.00000000007261391488        | 0.904012
12300    | 9.167487        | 1.828028        | -0.00000000006519051965        | 0.903889
12400    | 9.180379        | 1.830967        | -0.00000000005772804457        | 0.904191
12500    | 9.459174        | 1.885319        | -0.00000000000344080320        | 0.904951
12600    | 9.513344        | 1.895658        | -0.00000000006209965875        | 0.905610
12700    | 9.552731        | 1.903741        | -0.00000000019933388273        | 0.905832
12800    | 9.505045        | 1.895471        | -0.00000000016282264426        | 0.904581
12900    | 9.477691        | 1.890584        | -0.00000000020050094918        | 0.904173
13000    | 9.442616        | 1.883915        | -0.00000000022795099142        | 0.903846
13100    | 9.401148        | 1.875705        | -0.00000000024283330902        | 0.903527
13200    | 9.434604        | 1.881447        | -0.00000000020962254155        | 0.904081
13300    | 9.413868        | 1.877269        | -0.00000000016877343967        | 0.903989
13400    | 9.377421        | 1.869290        | -0.00000000016152590376        | 0.903670
13500    | 9.348244        | 1.863575        | -0.00000000020883028640        | 0.903477
13600    | 9.310604        | 1.856578        | -0.00000000014003376236        | 0.903070
13700    | 9.286947        | 1.851362        | -0.00000000016166801231        | 0.903029
13800    | 9.277771        | 1.850245        | -0.00000000018052936923        | 0.903010
13900    | 9.388513        | 1.871939        | -0.00000000019884538460        | 0.903555
14000    | 9.365548        | 1.867348        | -0.00000000023893775847        | 0.903447
14100    | 9.325396        | 1.859961        | -0.00000000014295586936        | 0.902813
14200    | 9.325628        | 1.860017        | -0.00000000011714007542        | 0.903025
14300    | 9.295982        | 1.854347        | -0.00000000010879652734        | 0.902828
14400    | 9.257363        | 1.847137        | -0.00000000010505196713        | 0.902504
14500    | 9.261863        | 1.847785        | -0.00000000006921396789        | 0.902925
14600    | 9.222715        | 1.841314        | -0.00000000008399858586        | 0.902210
14700    | 9.194049        | 1.836037        | -0.00000000000121325172        | 0.901994
14800    | 9.234277        | 1.843940        | -0.00000000006356692950        | 0.902589
14900    | 9.219244        | 1.842019        | -0.00000000004179590007        | 0.902446
15000    | 9.202326        | 1.838945        | -0.00000000000964561764        | 0.902351
15100    | 9.239028        | 1.845996        | 0.00000000002475886163        | 0.902402
15200    | 9.257881        | 1.849216        | -0.00000000002468603100        | 0.902739
15300    | 9.263386        | 1.850162        | -0.00000000003652012026        | 0.903124
15400    | 9.235023        | 1.844466        | 0.00000000007862865914        | 0.902843
15500    | 9.214452        | 1.841227        | 0.00000000016082246646        | 0.902899
15600    | 9.195840        | 1.837590        | 0.00000000018027535020        | 0.902936
15700    | 9.171434        | 1.832816        | 0.00000000024902213625        | 0.902536
15800    | 9.145097        | 1.827285        | 0.00000000020557777702        | 0.902432
15900    | 9.150841        | 1.828443        | 0.00000000018105694721        | 0.902522
16000    | 9.126580        | 1.823515        | 0.00000000018612489328        | 0.902512
16100    | 9.105724        | 1.819585        | 0.00000000017451107226        | 0.902237
16200    | 9.104051        | 1.819193        | 0.00000000016662582425        | 0.902349
16300    | 9.105125        | 1.819038        | 0.00000000021818635787        | 0.902591
16400    | 9.092210        | 1.817400        | 0.00000000030790658911        | 0.902354
16500    | 9.060687        | 1.810535        | 0.00000000029758773223        | 0.902281
16600    | 9.109973        | 1.818970        | 0.00000000030180657973        | 0.902649
16700    | 9.139323        | 1.824391        | 0.00000000031152502800        | 0.903042
16800    | 9.119471        | 1.820924        | 0.00000000040492942333        | 0.902698
16900    | 9.121841        | 1.822233        | 0.00000000052995297040        | 0.902653
17000    | 9.139256        | 1.825296        | 0.00000000052458837274        | 0.902781
17100    | 9.129444        | 1.822946        | 0.00000000058256688362        | 0.902912
17200    | 9.112193        | 1.819625        | 0.00000000066376060204        | 0.902710
17300    | 9.090393        | 1.815308        | 0.00000000077380946095        | 0.902842
17400    | 9.055403        | 1.809687        | 0.00000000069729111374        | 0.902075
17500    | 9.046287        | 1.807378        | 0.00000000070554939668        | 0.902071
17600    | 9.065659        | 1.810848        | 0.00000000074632922065        | 0.902494
17700    | 9.054253        | 1.808521        | 0.00000000076385298087        | 0.902699
17800    | 9.037721        | 1.806164        | 0.00000000076983575070        | 0.902542
17900    | 9.015175        | 1.802491        | 0.00000000084338225292        | 0.902253
18000    | 9.020848        | 1.804149        | 0.00000000080942008651        | 0.902438
18100    | 9.007090        | 1.801816        | 0.00000000078846262852        | 0.902181
18200    | 8.984223        | 1.797516        | 0.00000000076445338948        | 0.901822
18300    | 8.952842        | 1.791704        | 0.00000000060822458181        | 0.901314
18400    | 8.927799        | 1.786375        | 0.00000000062935257006        | 0.901209
18500    | 8.901981        | 1.781783        | 0.00000000051308113314        | 0.901021
18600    | 8.883591        | 1.778516        | 0.00000000049089088350        | 0.900788
18700    | 8.888203        | 1.778782        | 0.00000000042070702477        | 0.900808
18800    | 8.884217        | 1.778281        | 0.00000000038668268587        | 0.900829
18900    | 8.851873        | 1.772325        | 0.00000000041822723063        | 0.900123
19000    | 8.841375        | 1.769970        | 0.00000000038521186241        | 0.900158
19100    | 8.835695        | 1.768787        | 0.00000000041211656310        | 0.900066
19200    | 8.838518        | 1.769528        | 0.00000000048350301540        | 0.900112
19300    | 8.831498        | 1.768224        | 0.00000000048820503196        | 0.900114
19400    | 8.850895        | 1.771951        | 0.00000000049141668512        | 0.900264
19500    | 8.831074        | 1.768301        | 0.00000000053462834160        | 0.899875
19600    | 8.816927        | 1.765728        | 0.00000000054098059366        | 0.899767
19700    | 8.830880        | 1.768942        | 0.00000000052949999940        | 0.899880
19800    | 8.811341        | 1.765425        | 0.00000000048127901664        | 0.899662
19900    | 8.814342        | 1.765583        | 0.00000000053976911829        | 0.899852
20000    | 8.814313        | 1.765087        | 0.00000000054957816076        | 0.900063
20100    | 8.794741        | 1.761367        | 0.00000000051707260695        | 0.900006
20200    | 8.787643        | 1.760073        | 0.00000000059783289430        | 0.899895
20300    | 8.783676        | 1.759144        | 0.00000000067843330953        | 0.900067
20400    | 8.754011        | 1.754569        | 0.00000000061814908747        | 0.899319
20500    | 8.732633        | 1.750814        | 0.00000000061420912800        | 0.899005
20600    | 8.717381        | 1.747497        | 0.00000000060668448043        | 0.898967
20700    | 8.743436        | 1.752650        | 0.00000000059054272583        | 0.899187
20800    | 8.727759        | 1.749640        | 0.00000000058706639550        | 0.899134
20900    | 8.721282        | 1.747718        | 0.00000000068106942308        | 0.899287
21000    | 8.719227        | 1.746940        | 0.00000000053366555619        | 0.899252
21100    | 8.708044        | 1.744850        | 0.00000000055400484200        | 0.899216
21200    | 8.702840        | 1.744221        | 0.00000000050143178498        | 0.899118
21300    | 8.681986        | 1.740843        | 0.00000000050786397310        | 0.898769
21400    | 8.687913        | 1.741554        | 0.00000000036070169074        | 0.899012
21500    | 8.678830        | 1.739390        | 0.00000000053286264290        | 0.899103
21600    | 8.687642        | 1.740897        | 0.00000000043661430027        | 0.899393
21700    | 8.725035        | 1.748020        | 0.00000000032457414534        | 0.899680
21800    | 8.734676        | 1.749600        | 0.00000000018856560757        | 0.899849
21900    | 8.710103        | 1.745368        | 0.00000000029661073597        | 0.899392
22000    | 8.701195        | 1.742996        | 0.00000000021764634539        | 0.899366
22100    | 8.690573        | 1.740935        | 0.00000000009150546987        | 0.899326
22200    | 8.679158        | 1.738808        | -0.00000000003246469760        | 0.899189
22300    | 8.663393        | 1.735792        | 0.00000000001267963512        | 0.898955
22400    | 8.645533        | 1.732866        | 0.00000000001089084378        | 0.898819
22500    | 8.631591        | 1.730194        | -0.00000000015125145580        | 0.898644
22600    | 8.656774        | 1.735086        | -0.00000000026467361636        | 0.899045
22700    | 8.664480        | 1.736415        | -0.00000000031417712876        | 0.899225
22800    | 8.657030        | 1.735547        | -0.00000000028870239532        | 0.898972
22900    | 8.633424        | 1.730993        | -0.00000000023307755725        | 0.898599
23000    | 8.610819        | 1.727150        | -0.00000000017329782054        | 0.898058
23100    | 8.589372        | 1.723156        | -0.00000000017741008662        | 0.897724
23200    | 8.577344        | 1.720675        | -0.00000000008371259241        | 0.897499
23300    | 8.567309        | 1.718610        | 0.00000000000954081258        | 0.897471
23400    | 8.583261        | 1.721449        | -0.00000000003312727870        | 0.897904
23500    | 8.578585        | 1.720021        | 0.00000000002736300075        | 0.898080
23600    | 8.559207        | 1.716380        | 0.00000000004579980839        | 0.897722
23700    | 8.587382        | 1.721763        | 0.00000000007112355149        | 0.898044
23800    | 8.583555        | 1.721021        | 0.00000000005437783557        | 0.898041
23900    | 8.570184        | 1.718509        | 0.00000000002323652382        | 0.898012
24000    | 8.548350        | 1.714055        | 0.00000000023441337760        | 0.897769
24100    | 8.534805        | 1.711591        | 0.00000000023708501828        | 0.897600
24200    | 8.534238        | 1.711416        | 0.00000000033537617128        | 0.897642
24300    | 8.620388        | 1.728302        | 0.00000000040415670810        | 0.897986
24400    | 8.642998        | 1.732661        | 0.00000000037529979124        | 0.898151
24500    | 8.645288        | 1.733090        | 0.00000000034883207434        | 0.898145
24600    | 8.629222        | 1.729965        | 0.00000000034767211332        | 0.897920
24700    | 8.613885        | 1.727014        | 0.00000000008483169722        | 0.897710
24800    | 8.594314        | 1.723171        | 0.00000000022831336821        | 0.897393
24900    | 8.570811        | 1.719161        | 0.00000000017292833832        | 0.896864
25000    | 8.559175        | 1.717206        | 0.00000000018739143570        | 0.896708
25100    | 8.544901        | 1.714321        | 0.00000000027678126457        | 0.896574
25200    | 8.527544        | 1.710968        | 0.00000000018072476848        | 0.896329
25300    | 8.562520        | 1.717323        | 0.00000000013395506926        | 0.896587
25400    | 8.563353        | 1.717716        | 0.00000000002784616981        | 0.896733
25500    | 8.569337        | 1.718585        | -0.00000000018230039700        | 0.896874
25600    | 8.563860        | 1.717805        | -0.00000000026889956928        | 0.896790
25700    | 8.547136        | 1.714859        | -0.00000000038820324733        | 0.896606
25800    | 8.546137        | 1.714584        | -0.00000000026661162167        | 0.896385
25900    | 8.531901        | 1.711561        | -0.00000000041256420502        | 0.896259
26000    | 8.527545        | 1.710351        | -0.00000000053015902779        | 0.896397
26100    | 8.507045        | 1.706391        | -0.00000000044925130283        | 0.895978
26200    | 8.497201        | 1.704671        | -0.00000000036195757502        | 0.895969
26300    | 8.508605        | 1.706822        | -0.00000000032025404550        | 0.896346
26400    | 8.534853        | 1.711262        | -0.00000000029607249985        | 0.896624
26500    | 8.562262        | 1.716481        | -0.00000000027619329046        | 0.896960
26600    | 8.561611        | 1.716154        | -0.00000000027881874587        | 0.897021
26700    | 8.554900        | 1.714808        | -0.00000000029220181830        | 0.897087
26800    | 8.556703        | 1.714937        | -0.00000000022111201758        | 0.897269
26900    | 8.564724        | 1.716020        | -0.00000000029320723627        | 0.897426
27000    | 8.548374        | 1.712948        | -0.00000000032067681843        | 0.897238
27100    | 8.561215        | 1.715789        | -0.00000000030752111968        | 0.897420
27200    | 8.554804        | 1.714478        | -0.00000000040356873399        | 0.897422
27300    | 8.552845        | 1.713984        | -0.00000000045484149780        | 0.897416
27400    | 8.568931        | 1.716844        | -0.00000000038622793852        | 0.897718
27500    | 8.560270        | 1.715147        | -0.00000000046288839428        | 0.897678
27600    | 8.543347        | 1.712031        | -0.00000000045093351275        | 0.897449
27700    | 8.568266        | 1.716827        | -0.00000000044100723073        | 0.897526
27800    | 8.564052        | 1.716057        | -0.00000000039998049317        | 0.897557
27900    | 8.604558        | 1.723952        | -0.00000000046034287493        | 0.897910
28000    | 8.608619        | 1.724754        | -0.00000000054720672438        | 0.897844
28100    | 8.623096        | 1.727878        | -0.00000000056910920421        | 0.898011
28200    | 8.617911        | 1.726950        | -0.00000000048434856126        | 0.897969
28300    | 8.614497        | 1.726438        | -0.00000000048116888252        | 0.897957
28400    | 8.618906        | 1.727102        | -0.00000000038177994099        | 0.898021
28500    | 8.667701        | 1.736465        | -0.00000000039219294479        | 0.898297
28600    | 8.658010        | 1.734550        | -0.00000000023279511652        | 0.898232
28700    | 8.648366        | 1.732438        | -0.00000000014103918033        | 0.898212
28800    | 8.632488        | 1.729765        | -0.00000000028011193365        | 0.897807
28900    | 8.633585        | 1.730201        | -0.00000000016946266612        | 0.897846
29000    | 8.614361        | 1.726563        | -0.00000000020226487152        | 0.897434
29100    | 8.608837        | 1.725111        | -0.00000000034648905967        | 0.897649
29200    | 8.609465        | 1.725178        | -0.00000000028897240156        | 0.897776
29300    | 8.593714        | 1.722505        | -0.00000000023500490443        | 0.897553
29400    | 8.588601        | 1.721303        | -0.00000000033890401596        | 0.897476
29500    | 8.590701        | 1.722063        | -0.00000000061617377867        | 0.897500
29600    | 8.580012        | 1.720152        | -0.00000000103097441695        | 0.897443
29700    | 8.575109        | 1.718795        | -0.00000000091442586836        | 0.897548
29800    | 8.576486        | 1.719220        | -0.00000000091343999031        | 0.897474
29900    | 8.600058        | 1.723805        | -0.00000000111106857048        | 0.897614
30000    | 8.580889        | 1.720238        | -0.00000000119175247448        | 0.897200
30100    | 8.585603        | 1.720527        | -0.00000000132184396762        | 0.897378
30200    | 8.609687        | 1.724965        | -0.00000000105502273584        | 0.897587
30300    | 8.656525        | 1.734155        | -0.00000000118428111762        | 0.897772
30400    | 8.649517        | 1.732822        | -0.00000000153079682264        | 0.897760
30500    | 8.647318        | 1.732520        | -0.00000000140758160683        | 0.897871
30600    | 8.646787        | 1.731938        | -0.00000000143777612038        | 0.898059
30700    | 8.639104        | 1.730334        | -0.00000000126016708180        | 0.898118
30800    | 8.639382        | 1.730269        | -0.00000000102541086733        | 0.898328
30900    | 8.626805        | 1.728034        | -0.00000000115241149956        | 0.898265
31000    | 8.626022        | 1.727500        | -0.00000000126794397204        | 0.898444
31100    | 8.610020        | 1.724533        | -0.00000000121404042375        | 0.898240
31200    | 8.614199        | 1.724885        | -0.00000000135549882430        | 0.898392
31300    | 8.615204        | 1.725069        | -0.00000000127338317668        | 0.898326
31400    | 8.611568        | 1.724466        | -0.00000000077656281405        | 0.898271
31500    | 8.620954        | 1.726603        | -0.00000000076762241008        | 0.898249
31600    | 8.614417        | 1.725450        | -0.00000000083770856918        | 0.898131
31700    | 8.613959        | 1.725513        | -0.00000000089933038794        | 0.898290
31800    | 8.616453        | 1.726037        | -0.00000000092143359609        | 0.898488
31900    | 8.612406        | 1.725315        | -0.00000000092975582788        | 0.898620
32000    | 8.609810        | 1.725154        | -0.00000000121482024440        | 0.898403
32100    | 8.592869        | 1.722179        | -0.00000000129853816588        | 0.898162
32200    | 8.601553        | 1.723469        | -0.00000000131649358082        | 0.898300
32300    | 8.589268        | 1.721371        | -0.00000000145330147916        | 0.898122
32400    | 8.577119        | 1.719383        | -0.00000000145181644484        | 0.897864
32500    | 8.570549        | 1.718032        | -0.00000000148517820264        | 0.897794
32600    | 8.591467        | 1.722001        | -0.00000000138028077856        | 0.897956
32700    | 8.582000        | 1.720430        | -0.00000000140676981175        | 0.897983
32800    | 8.566378        | 1.717832        | -0.00000000131681865412        | 0.897685
32900    | 8.573943        | 1.719356        | -0.00000000135286626346        | 0.897803
33000    | 8.569137        | 1.718326        | -0.00000000169755232093        | 0.897815
33100    | 8.563516        | 1.717248        | -0.00000000175217529375        | 0.897875
33200    | 8.566168        | 1.717859        | -0.00000000159333168881        | 0.897896
33300    | 8.557603        | 1.716324        | -0.00000000154452806100        | 0.897876
33400    | 8.556423        | 1.716125        | -0.00000000133546684822        | 0.898020
33500    | 8.539017        | 1.713060        | -0.00000000116770060288        | 0.897680
33600    | 8.536174        | 1.712607        | -0.00000000125981891586        | 0.897776
33700    | 8.531673        | 1.711698        | -0.00000000121582743873        | 0.897693
33800    | 8.528228        | 1.711235        | -0.00000000116065201894        | 0.897587
33900    | 8.511736        | 1.708041        | -0.00000000125212551438        | 0.897228
34000    | 8.507058        | 1.707035        | -0.00000000129128352455        | 0.897279
34100    | 8.505441        | 1.706804        | -0.00000000131595534469        | 0.897217
34200    | 8.493604        | 1.704122        | -0.00000000117395693167        | 0.897191
34300    | 8.554110        | 1.715905        | -0.00000000123078791603        | 0.897491
34400    | 8.541338        | 1.713298        | -0.00000000134582833766        | 0.897376
34500    | 8.533371        | 1.711815        | -0.00000000118781073866        | 0.897387
34600    | 8.521492        | 1.709605        | -0.00000000103943698093        | 0.897197
34700    | 8.510382        | 1.707519        | -0.00000000098064312226        | 0.897139
34800    | 8.513581        | 1.708224        | -0.00000000094917496085        | 0.897209
34900    | 8.509653        | 1.707331        | -0.00000000096104635361        | 0.897201
35000    | 8.506974        | 1.706955        | -0.00000000084211571050        | 0.897147
35100    | 8.501055        | 1.705966        | -0.00000000085930729199        | 0.897083
35200    | 8.507325        | 1.706906        | -0.00000000078782846913        | 0.897111
35300    | 8.494158        | 1.704316        | -0.00000000071732131346        | 0.896917
35400    | 8.484662        | 1.702492        | -0.00000000073982420190        | 0.896881
35500    | 8.493067        | 1.704124        | -0.00000000062861538197        | 0.896977
35600    | 8.479346        | 1.701787        | -0.00000000056831872541        | 0.896665
35700    | 8.473760        | 1.700783        | -0.00000000067406702442        | 0.896589
35800    | 8.463847        | 1.698901        | -0.00000000044715164904        | 0.896557
35900    | 8.453510        | 1.697065        | -0.00000000034044944641        | 0.896473
36000    | 8.451541        | 1.696822        | -0.00000000009532286072        | 0.896385