    TEMPO       |     E[N]        |       E[W]      |    ERRO DE LITTLE        |     OCUPAÇÃO
100.000000      | 1.445006        | 0.014636        | -0.000000000006859       | 0.601461
200.000000      | 1.525438        | 0.015202        | -0.000000000006163       | 0.605468
300.000000      | 1.489474        | 0.014892        | 0.000000000046284        | 0.601843
400.000000      | 1.477551        | 0.014765        | 0.000000000018043        | 0.600981
500.000000      | 1.484047        | 0.014813        | -0.000000000131419       | 0.601413
600.000000      | 1.482833        | 0.014785        | -0.000000000200042       | 0.601041
700.000000      | 1.480304        | 0.014794        | 0.000000000161301        | 0.599790
800.000000      | 1.476068        | 0.014772        | 0.000000000174118        | 0.598873
900.000000      | 1.477916        | 0.014792        | 0.000000000261468        | 0.599056
1000.000000     | 1.474151        | 0.014759        | 0.000000000487179        | 0.598739
1100.000000     | 1.467080        | 0.014688        | 0.000000000247120        | 0.597741
1200.000000     | 1.459890        | 0.014636        | 0.000000000288702        | 0.597074
1300.000000     | 1.460414        | 0.014641        | 0.000000000288767        | 0.597197
1400.000000     | 1.457944        | 0.014618        | 0.000000000609916        | 0.597397
1500.000000     | 1.461122        | 0.014648        | 0.000000000625353        | 0.597763
1600.000000     | 1.464105        | 0.014667        | 0.000000001061854        | 0.598236
1700.000000     | 1.461649        | 0.014644        | 0.000000001333171        | 0.598155
1800.000000     | 1.461864        | 0.014648        | 0.000000000559747        | 0.598647
1900.000000     | 1.458168        | 0.014628        | 0.000000001144486        | 0.597730
2000.000000     | 1.460695        | 0.014649        | 0.000000000007959        | 0.598021
2100.000000     | 1.461229        | 0.014652        | 0.000000000549419        | 0.597921
2200.000000     | 1.463970        | 0.014675        | 0.000000000269128        | 0.598213
2300.000000     | 1.466698        | 0.014692        | 0.000000000782085        | 0.598753
2400.000000     | 1.467546        | 0.014697        | 0.000000001279239        | 0.598765
2500.000000     | 1.469717        | 0.014714        | 0.000000000668577        | 0.599295
2600.000000     | 1.469985        | 0.014718        | 0.000000001026770        | 0.599145
2700.000000     | 1.471812        | 0.014729        | 0.000000000992146        | 0.599440
2800.000000     | 1.472328        | 0.014733        | 0.000000001295314        | 0.599665
2900.000000     | 1.471091        | 0.014721        | 0.000000002173446        | 0.599880
3000.000000     | 1.470892        | 0.014715        | 0.000000002426000        | 0.599798
3100.000000     | 1.471205        | 0.014723        | 0.000000002242070        | 0.599670
3200.000000     | 1.469858        | 0.014713        | 0.000000001091842        | 0.599430
3300.000000     | 1.470909        | 0.014723        | 0.000000000319170        | 0.599588
3400.000000     | 1.473148        | 0.014741        | 0.000000001971737        | 0.600020
3500.000000     | 1.472016        | 0.014728        | 0.000000001109602        | 0.600000
3600.000000     | 1.471836        | 0.014728        | 0.000000000779220        | 0.599872
3700.000000     | 1.469621        | 0.014710        | 0.000000000015135        | 0.599421
3800.000000     | 1.470126        | 0.014715        | -0.000000001199402        | 0.599478
3900.000000     | 1.470685        | 0.014717        | -0.000000002312747        | 0.599700
4000.000000     | 1.470036        | 0.014717        | -0.000000000573916        | 0.599310
4100.000000     | 1.470432        | 0.014720        | -0.000000000374720        | 0.599351
4200.000000     | 1.470917        | 0.014721        | 0.000000002172755        | 0.599629
4300.000000     | 1.471245        | 0.014727        | 0.000000000811558        | 0.599717
4400.000000     | 1.469950        | 0.014713        | 0.000000000743382        | 0.599723
4500.000000     | 1.470790        | 0.014717        | 0.000000001191682        | 0.599874
4600.000000     | 1.471434        | 0.014721        | 0.000000000428711        | 0.599973
4700.000000     | 1.471013        | 0.014718        | -0.000000000402452        | 0.600078
4800.000000     | 1.471724        | 0.014720        | 0.000000000509060        | 0.600094
4900.000000     | 1.470776        | 0.014706        | 0.000000000976326        | 0.600122
5000.000000     | 1.469558        | 0.014696        | -0.000000000319696        | 0.599796
5100.000000     | 1.469415        | 0.014699        | 0.000000001693240        | 0.599796
5200.000000     | 1.470748        | 0.014710        | -0.000000000187649        | 0.599995
5300.000000     | 1.471103        | 0.014708        | 0.000000000084883        | 0.600022
5400.000000     | 1.471851        | 0.014717        | 0.000000000153920        | 0.600037
5500.000000     | 1.471839        | 0.014722        | 0.000000000822813        | 0.599975
5600.000000     | 1.471376        | 0.014722        | 0.000000001323916        | 0.599783
5700.000000     | 1.472727        | 0.014731        | 0.000000002643767        | 0.599916
5800.000000     | 1.470861        | 0.014712        | 0.000000002193031        | 0.599796
5900.000000     | 1.470286        | 0.014706        | 0.000000002146403        | 0.599792
6000.000000     | 1.471263        | 0.014717        | 0.000000002344273        | 0.599721
6100.000000     | 1.472542        | 0.014729        | -0.000000001281791        | 0.599839
6200.000000     | 1.471367        | 0.014716        | 0.000000000014112        | 0.599779
6300.000000     | 1.472534        | 0.014724        | 0.000000002570201        | 0.599949
6400.000000     | 1.473450        | 0.014732        | 0.000000002285180        | 0.599989
6500.000000     | 1.472733        | 0.014728        | 0.000000000782826        | 0.599794
6600.000000     | 1.473455        | 0.014736        | -0.000000001515466        | 0.599852
6700.000000     | 1.472883        | 0.014730        | 0.000000001616105        | 0.599904
6800.000000     | 1.473679        | 0.014737        | 0.000000004070546        | 0.600013
6900.000000     | 1.473356        | 0.014733        | 0.000000004395891        | 0.599998
7000.000000     | 1.473125        | 0.014729        | -0.000000000364148        | 0.599966
7100.000000     | 1.472950        | 0.014729        | -0.000000000915261        | 0.600021
7200.000000     | 1.472302        | 0.014724        | -0.000000004822416        | 0.599936
7300.000000     | 1.472230        | 0.014724        | -0.000000006043339        | 0.599900
7400.000000     | 1.473387        | 0.014734        | -0.000000008497670        | 0.600057
7500.000000     | 1.473722        | 0.014737        | -0.000000009558359        | 0.600024
7600.000000     | 1.473083        | 0.014731        | -0.000000004977758        | 0.600062
7700.000000     | 1.471936        | 0.014720        | -0.000000001272998        | 0.600031
7800.000000     | 1.471990        | 0.014721        | -0.000000003698311        | 0.599983
7900.000000     | 1.471655        | 0.014719        | 0.000000000050200        | 0.599928
8000.000000     | 1.471264        | 0.014716        | -0.000000005471789        | 0.599841
8100.000000     | 1.470860        | 0.014712        | 0.000000000318315        | 0.599779
8200.000000     | 1.470760        | 0.014709        | -0.000000001310992        | 0.599758
8300.000000     | 1.470021        | 0.014704        | -0.000000002462371        | 0.599669
8400.000000     | 1.470946        | 0.014711        | -0.000000002076505        | 0.599857
8500.000000     | 1.470255        | 0.014704        | -0.000000001750709        | 0.599831
8600.000000     | 1.471198        | 0.014714        | -0.000000002253613        | 0.599847
8700.000000     | 1.470243        | 0.014705        | -0.000000005417935        | 0.599709
8800.000000     | 1.470382        | 0.014704        | -0.000000010101613        | 0.599763
8900.000000     | 1.469987        | 0.014701        | -0.000000011020834        | 0.599716
9000.000000     | 1.471004        | 0.014713        | -0.000000007512010        | 0.599753
9100.000000     | 1.471341        | 0.014714        | -0.000000005471175        | 0.599831
9200.000000     | 1.470800        | 0.014711        | -0.000000007262699        | 0.599696
9300.000000     | 1.470483        | 0.014709        | -0.000000009678899        | 0.599660
9400.000000     | 1.469974        | 0.014705        | -0.000000006991161        | 0.599611
9500.000000     | 1.469763        | 0.014701        | -0.000000010455971        | 0.599594
9600.000000     | 1.470166        | 0.014704        | -0.000000011467595        | 0.599633
9700.000000     | 1.470087        | 0.014703        | -0.000000014346578        | 0.599554
9800.000000     | 1.469952        | 0.014703        | -0.000000015516799        | 0.599455
9900.000000     | 1.470590        | 0.014707        | -0.000000018496356        | 0.599526
10000.000000     | 1.470334        | 0.014706        | -0.000000018074155        | 0.599505
10100.000000     | 1.470536        | 0.014709        | -0.000000023459493        | 0.599488
10200.000000     | 1.470346        | 0.014706        | -0.000000023769301        | 0.599477
10300.000000     | 1.470553        | 0.014709        | -0.000000024015611        | 0.599494
10400.000000     | 1.471093        | 0.014713        | -0.000000022846871        | 0.599590
10500.000000     | 1.470274        | 0.014706        | -0.000000022533750        | 0.599515
10600.000000     | 1.471310        | 0.014715        | -0.000000026324070        | 0.599664
10700.000000     | 1.471300        | 0.014717        | -0.000000023016278        | 0.599595
10800.000000     | 1.471512        | 0.014717        | -0.000000021369614        | 0.599628
10900.000000     | 1.471193        | 0.014714        | -0.000000020910158        | 0.599601
11000.000000     | 1.471482        | 0.014716        | -0.000000017257789        | 0.599561
11100.000000     | 1.471497        | 0.014715        | -0.000000005690508        | 0.599565
11200.000000     | 1.471014        | 0.014709        | -0.000000006327842        | 0.599593
11300.000000     | 1.471443        | 0.014715        | -0.000000005608458        | 0.599561
11400.000000     | 1.471534        | 0.014715        | -0.000000002753910        | 0.599626
11500.000000     | 1.471910        | 0.014716        | -0.000000004765047        | 0.599711
11600.000000     | 1.471278        | 0.014711        | -0.000000006743046        | 0.599596
11700.000000     | 1.471710        | 0.014714        | -0.000000007267494        | 0.599688
11800.000000     | 1.471345        | 0.014710        | -0.000000012638465        | 0.599661
11900.000000     | 1.471262        | 0.014709        | -0.000000010237292        | 0.599670
12000.000000     | 1.471786        | 0.014714        | -0.000000008237664        | 0.599666
12100.000000     | 1.472512        | 0.014720        | -0.000000003351551        | 0.599736
12200.000000     | 1.471917        | 0.014717        | -0.000000005046570        | 0.599653
12300.000000     | 1.471227        | 0.014711        | 0.000000001585961        | 0.599553
12400.000000     | 1.470142        | 0.014701        | 0.000000001800373        | 0.599425
12500.000000     | 1.470251        | 0.014703        | 0.000000002553070        | 0.599349
12600.000000     | 1.470136        | 0.014701        | 0.000000000553115        | 0.599376
12700.000000     | 1.470171        | 0.014702        | 0.000000005555274        | 0.599368
12800.000000     | 1.470145        | 0.014702        | 0.000000007269851        | 0.599363
12900.000000     | 1.470425        | 0.014705        | 0.000000005951250        | 0.599410
13000.000000     | 1.470883        | 0.014709        | 0.000000007826537        | 0.599471
13100.000000     | 1.470862        | 0.014708        | 0.000000006963804        | 0.599494
13200.000000     | 1.470887        | 0.014707        | 0.000000004322497        | 0.599509
13300.000000     | 1.471065        | 0.014710        | 0.000000007320798        | 0.599513
13400.000000     | 1.471062        | 0.014710        | 0.000000001272078        | 0.599527
13500.000000     | 1.471930        | 0.014719        | 0.000000002435857        | 0.599544
13600.000000     | 1.472959        | 0.014727        | 0.000000005887711        | 0.599738
13700.000000     | 1.472860        | 0.014726        | 0.000000001712545        | 0.599686
13800.000000     | 1.472715        | 0.014725        | -0.000000003182539        | 0.599705
13900.000000     | 1.472950        | 0.014726        | -0.000000003245456        | 0.599725
14000.000000     | 1.473536        | 0.014731        | -0.000000000869645        | 0.599784
14100.000000     | 1.474891        | 0.014744        | 0.000000000457376        | 0.599846
14200.000000     | 1.474666        | 0.014742        | -0.000000000741527        | 0.599842
14300.000000     | 1.474762        | 0.014741        | -0.000000001377807        | 0.599879
14400.000000     | 1.474465        | 0.014738        | -0.000000001298486        | 0.599861
14500.000000     | 1.474830        | 0.014740        | -0.000000005891364        | 0.599907
14600.000000     | 1.473999        | 0.014732        | -0.000000014994129        | 0.599798
14700.000000     | 1.474054        | 0.014733        | -0.000000012831964        | 0.599794
14800.000000     | 1.473719        | 0.014730        | -0.000000020512884        | 0.599778
14900.000000     | 1.473594        | 0.014729        | -0.000000020293465        | 0.599789
15000.000000     | 1.473343        | 0.014726        | -0.000000004782432        | 0.599769
15100.000000     | 1.473436        | 0.014729        | -0.000000002419777        | 0.599740
15200.000000     | 1.474227        | 0.014736        | 0.000000007202016        | 0.599785
15300.000000     | 1.473928        | 0.014733        | 0.000000005709659        | 0.599792
15400.000000     | 1.473956        | 0.014733        | 0.000000001862582        | 0.599808
15500.000000     | 1.473869        | 0.014730        | -0.000000002295897        | 0.599857
15600.000000     | 1.474123        | 0.014731        | 0.000000002721823        | 0.599946
15700.000000     | 1.474203        | 0.014732        | -0.000000003692590        | 0.600016
15800.000000     | 1.474054        | 0.014729        | -0.000000002353933        | 0.600053
15900.000000     | 1.474591        | 0.014734        | -0.000000002130497        | 0.600108
16000.000000     | 1.474168        | 0.014731        | -0.000000000798752        | 0.600021
16100.000000     | 1.473701        | 0.014726        | 0.000000001644292        | 0.599996
16200.000000     | 1.473694        | 0.014726        | -0.000000000108764        | 0.599992
16300.000000     | 1.473349        | 0.014723        | -0.000000002102778        | 0.599952
16400.000000     | 1.473053        | 0.014721        | -0.000000000408931        | 0.599962
16500.000000     | 1.473622        | 0.014726        | -0.000000000926541        | 0.600014
16600.000000     | 1.474909        | 0.014738        | -0.000000005833037        | 0.600129
16700.000000     | 1.475356        | 0.014742        | -0.000000002301364        | 0.600199
16800.000000     | 1.475327        | 0.014743        | 0.000000001506136        | 0.600159
16900.000000     | 1.475182        | 0.014742        | -0.000000002082587        | 0.600130
17000.000000     | 1.475870        | 0.014748        | -0.000000002191427        | 0.600211
17100.000000     | 1.475490        | 0.014744        | 0.000000001068089        | 0.600190
17200.000000     | 1.475528        | 0.014745        | 0.000000004305901        | 0.600206
17300.000000     | 1.475713        | 0.014745        | 0.000000003400537        | 0.600233
17400.000000     | 1.476237        | 0.014751        | 0.000000001386862        | 0.600274
17500.000000     | 1.475635        | 0.014745        | 0.000000000890095        | 0.600205
17600.000000     | 1.475435        | 0.014744        | 0.000000004866542        | 0.600157
17700.000000     | 1.475385        | 0.014743        | 0.000000012833824        | 0.600164
17800.000000     | 1.475343        | 0.014743        | 0.000000019972215        | 0.600134
17900.000000     | 1.475058        | 0.014740        | 0.000000018521707        | 0.600165
18000.000000     | 1.475544        | 0.014744        | 0.000000019209715        | 0.600232
18100.000000     | 1.475409        | 0.014743        | 0.000000011994174        | 0.600228
18200.000000     | 1.474547        | 0.014737        | 0.000000016325115        | 0.600123
18300.000000     | 1.474747        | 0.014739        | 0.000000009704951        | 0.600161
18400.000000     | 1.474563        | 0.014737        | 0.000000004983871        | 0.600171
18500.000000     | 1.474582        | 0.014737        | 0.000000007938654        | 0.600156
18600.000000     | 1.474807        | 0.014739        | 0.000000008202410        | 0.600158
18700.000000     | 1.474417        | 0.014737        | 0.000000024756956        | 0.600081
18800.000000     | 1.474253        | 0.014735        | 0.000000021615068        | 0.600084
18900.000000     | 1.474047        | 0.014732        | 0.000000009697135        | 0.600147
19000.000000     | 1.473624        | 0.014728        | -0.000000002124653        | 0.600135
19100.000000     | 1.473517        | 0.014726        | -0.000000007326618        | 0.600184
19200.000000     | 1.473425        | 0.014725        | -0.000000010812662        | 0.600160
19300.000000     | 1.473362        | 0.014724        | -0.000000004433367        | 0.600172
19400.000000     | 1.473277        | 0.014724        | 0.000000003782080        | 0.600123
19500.000000     | 1.473573        | 0.014727        | 0.000000009068655        | 0.600155
19600.000000     | 1.473540        | 0.014727        | 0.000000026143614        | 0.600172
19700.000000     | 1.473319        | 0.014725        | 0.000000017826238        | 0.600163
19800.000000     | 1.473449        | 0.014726        | 0.000000015560696        | 0.600203
19900.000000     | 1.472879        | 0.014720        | 0.000000020789310        | 0.600174
20000.000000     | 1.473096        | 0.014721        | 0.000000021358399        | 0.600195
20100.000000     | 1.473219        | 0.014722        | 0.000000022194134        | 0.600170
20200.000000     | 1.473539        | 0.014726        | 0.000000019927091        | 0.600166
20300.000000     | 1.473443        | 0.014725        | 0.000000021228118        | 0.600150
20400.000000     | 1.473633        | 0.014726        | 0.000000022119960        | 0.600140
20500.000000     | 1.473522        | 0.014725        | 0.000000014858786        | 0.600139
20600.000000     | 1.473209        | 0.014723        | 0.000000006257042        | 0.600120
20700.000000     | 1.473337        | 0.014724        | 0.000000016432616        | 0.600125
20800.000000     | 1.473366        | 0.014724        | 0.000000016183153        | 0.600144
20900.000000     | 1.473256        | 0.014724        | 0.000000028144374        | 0.600111
21000.000000     | 1.473047        | 0.014722        | 0.000000022556900        | 0.600090
21100.000000     | 1.473594        | 0.014726        | 0.000000021099157        | 0.600185
21200.000000     | 1.473060        | 0.014722        | 0.000000015504054        | 0.600110
21300.000000     | 1.473758        | 0.014727        | 0.000000017940526        | 0.600186
21400.000000     | 1.473773        | 0.014727        | 0.000000002901948        | 0.600205
21500.000000     | 1.474139        | 0.014731        | -0.000000004859182        | 0.600236
21600.000000     | 1.474793        | 0.014737        | -0.000000004496493        | 0.600249
21700.000000     | 1.474699        | 0.014735        | -0.000000004605011        | 0.600276
21800.000000     | 1.474419        | 0.014734        | -0.000000000099808        | 0.600235
21900.000000     | 1.474004        | 0.014729        | -0.000000003779396        | 0.600198
22000.000000     | 1.474056        | 0.014729        | -0.000000012332107        | 0.600200
22100.000000     | 1.473905        | 0.014728        | 0.000000000397292        | 0.600159
22200.000000     | 1.473714        | 0.014726        | 0.000000002031298        | 0.600134
22300.000000     | 1.473642        | 0.014726        | 0.000000001555710        | 0.600114
22400.000000     | 1.473718        | 0.014725        | 0.000000003088282        | 0.600120
22500.000000     | 1.473634        | 0.014724        | 0.000000002814859        | 0.600129
22600.000000     | 1.473991        | 0.014727        | 0.000000000627188        | 0.600160
22700.000000     | 1.473875        | 0.014726        | -0.000000008570834        | 0.600127
22800.000000     | 1.473581        | 0.014724        | -0.000000000822558        | 0.600073
22900.000000     | 1.473914        | 0.014727        | 0.000000001937664        | 0.600128
23000.000000     | 1.474021        | 0.014728        | 0.000000002383993        | 0.600166
23100.000000     | 1.474182        | 0.014728        | 0.000000007385391        | 0.600200
23200.000000     | 1.474480        | 0.014731        | 0.000000000800323        | 0.600246
23300.000000     | 1.474392        | 0.014730        | 0.000000004879101        | 0.600226
23400.000000     | 1.474032        | 0.014727        | 0.000000016092974        | 0.600194
23500.000000     | 1.473883        | 0.014726        | 0.000000012214040        | 0.600177
23600.000000     | 1.473749        | 0.014725        | 0.000000001223732        | 0.600155
23700.000000     | 1.473924        | 0.014726        | 0.000000007362043        | 0.600200
23800.000000     | 1.473770        | 0.014725        | 0.000000014989375        | 0.600174
23900.000000     | 1.474074        | 0.014726        | 0.000000003647765        | 0.600207
24000.000000     | 1.473703        | 0.014724        | 0.000000014445461        | 0.600103
24100.000000     | 1.473727        | 0.014724        | 0.000000011595927        | 0.600121
24200.000000     | 1.473951        | 0.014727        | 0.000000018510379        | 0.600160
24300.000000     | 1.473945        | 0.014726        | 0.000000016838829        | 0.600200
24400.000000     | 1.473851        | 0.014726        | 0.000000010408211        | 0.600178
24500.000000     | 1.473796        | 0.014726        | 0.000000012041470        | 0.600158
24600.000000     | 1.473646        | 0.014725        | 0.000000010666925        | 0.600106
24700.000000     | 1.473614        | 0.014725        | 0.000000010474086        | 0.600106
24800.000000     | 1.473963        | 0.014728        | 0.000000012895870        | 0.600139
24900.000000     | 1.473904        | 0.014728        | 0.000000008993216        | 0.600113
25000.000000     | 1.473914        | 0.014729        | 0.000000007650182        | 0.600106
25100.000000     | 1.474242        | 0.014732        | 0.000000001635159        | 0.600138
25200.000000     | 1.474206        | 0.014731        | -0.000000008870201        | 0.600166
25300.000000     | 1.473759        | 0.014728        | -0.000000014350169        | 0.600089
25400.000000     | 1.473332        | 0.014724        | -0.000000004957118        | 0.600051
25500.000000     | 1.473588        | 0.014726        | 0.000000000430144        | 0.600092
25600.000000     | 1.473445        | 0.014726        | -0.000000003072154        | 0.600084
25700.000000     | 1.473845        | 0.014730        | -0.000000001904539        | 0.600088
25800.000000     | 1.473897        | 0.014730        | 0.000000000318634        | 0.600093
25900.000000     | 1.473739        | 0.014729        | 0.000000003569264        | 0.600078
26000.000000     | 1.473651        | 0.014729        | 0.000000003229694        | 0.600089
26100.000000     | 1.473306        | 0.014726        | 0.000000004178266        | 0.600048
26200.000000     | 1.473046        | 0.014724        | -0.000000000697184        | 0.599989
26300.000000     | 1.472981        | 0.014723        | -0.000000002457939        | 0.600004
26400.000000     | 1.472744        | 0.014722        | -0.000000026894779        | 0.599973
26500.000000     | 1.473069        | 0.014724        | -0.000000024272736        | 0.600012
26600.000000     | 1.473090        | 0.014724        | -0.000000036532934        | 0.599989
26700.000000     | 1.473636        | 0.014729        | -0.000000040825659        | 0.600058
26800.000000     | 1.473309        | 0.014726        | -0.000000047641310        | 0.600017
26900.000000     | 1.473538        | 0.014728        | -0.000000052171292        | 0.600029
27000.000000     | 1.473869        | 0.014731        | -0.000000043746915        | 0.600080
27100.000000     | 1.473892        | 0.014731        | -0.000000034306497        | 0.600112
27200.000000     | 1.473934        | 0.014731        | -0.000000028264802        | 0.600114
27300.000000     | 1.473772        | 0.014729        | -0.000000015439239        | 0.600098
27400.000000     | 1.473594        | 0.014728        | 0.000000001410597        | 0.600088
27500.000000     | 1.473428        | 0.014725        | 0.000000027296948        | 0.600095
27600.000000     | 1.473305        | 0.014724        | 0.000000021092800        | 0.600101
27700.000000     | 1.473606        | 0.014728        | 0.000000016865921        | 0.600103
27800.000000     | 1.473744        | 0.014730        | 0.000000009178440        | 0.600097
27900.000000     | 1.473508        | 0.014728        | 0.000000021450655        | 0.600072
28000.000000     | 1.473672        | 0.014728        | 0.000000053187781        | 0.600091
28100.000000     | 1.473499        | 0.014727        | 0.000000041666293        | 0.600052
28200.000000     | 1.473649        | 0.014728        | 0.000000033218143        | 0.600079
28300.000000     | 1.473805        | 0.014730        | 0.000000023866574        | 0.600129
28400.000000     | 1.473350        | 0.014727        | 0.000000013165217        | 0.600074
28500.000000     | 1.473554        | 0.014729        | 0.000000013472943        | 0.600083
28600.000000     | 1.473596        | 0.014729        | 0.000000003479388        | 0.600090
28700.000000     | 1.473300        | 0.014727        | -0.000000008767847        | 0.600042
28800.000000     | 1.473719        | 0.014732        | -0.000000005319429        | 0.600073
28900.000000     | 1.473440        | 0.014729        | -0.000000002693771        | 0.600034
29000.000000     | 1.473143        | 0.014727        | -0.000000008009449        | 0.600027
29100.000000     | 1.473225        | 0.014727        | -0.000000017168301        | 0.600046
29200.000000     | 1.473503        | 0.014729        | -0.000000011944063        | 0.600069
29300.000000     | 1.473413        | 0.014728        | -0.000000027684831        | 0.600093
29400.000000     | 1.473228        | 0.014726        | -0.000000025150183        | 0.600058
29500.000000     | 1.473241        | 0.014726        | -0.000000024601528        | 0.600069
29600.000000     | 1.473066        | 0.014725        | -0.000000043591150        | 0.600035
29700.000000     | 1.473440        | 0.014729        | -0.000000031441012        | 0.600088
29800.000000     | 1.473307        | 0.014727        | -0.000000023575722        | 0.600084
29900.000000     | 1.473719        | 0.014731        | -0.000000009498846        | 0.600126
30000.000000     | 1.473833        | 0.014732        | -0.000000006593203        | 0.600147
30100.000000     | 1.473863        | 0.014732        | -0.000000020499537        | 0.600178
30200.000000     | 1.474301        | 0.014735        | -0.000000005112127        | 0.600237
30300.000000     | 1.474291        | 0.014735        | 0.000000002461270        | 0.600242
30400.000000     | 1.473897        | 0.014731        | 0.000000005735608        | 0.600203
30500.000000     | 1.474359        | 0.014735        | 0.000000012744527        | 0.600249
30600.000000     | 1.474226        | 0.014734        | 0.000000011517349        | 0.600263
30700.000000     | 1.474373        | 0.014736        | 0.000000023722824        | 0.600276
30800.000000     | 1.474287        | 0.014736        | 0.000000001354503        | 0.600228
30900.000000     | 1.474481        | 0.014737        | -0.000000010311248        | 0.600265
31000.000000     | 1.474580        | 0.014738        | -0.000000005260503        | 0.600280
31100.000000     | 1.474652        | 0.014738        | -0.000000004471169        | 0.600299
31200.000000     | 1.474622        | 0.014738        | -0.000000006195010        | 0.600302
31300.000000     | 1.474555        | 0.014737        | -0.000000007358998        | 0.600284
31400.000000     | 1.474194        | 0.014734        | -0.000000008314371        | 0.600253
31500.000000     | 1.473913        | 0.014731        | -0.000000009847555        | 0.600224
31600.000000     | 1.473800        | 0.014730        | -0.000000003975749        | 0.600203
31700.000000     | 1.473970        | 0.014731        | -0.000000005684512        | 0.600253
31800.000000     | 1.474019        | 0.014732        | 0.000000009475280        | 0.600243
31900.000000     | 1.473987        | 0.014732        | 0.000000004674789        | 0.600246
32000.000000     | 1.474124        | 0.014733        | 0.000000000809526        | 0.600295
32100.000000     | 1.473898        | 0.014731        | -0.000000008343066        | 0.600268
32200.000000     | 1.473985        | 0.014732        | -0.000000015705025        | 0.600285
32300.000000     | 1.474069        | 0.014732        | -0.000000007276797        | 0.600317
32400.000000     | 1.474053        | 0.014732        | -0.000000004347164        | 0.600291
32500.000000     | 1.474026        | 0.014732        | -0.000000008696956        | 0.600270
32600.000000     | 1.474184        | 0.014733        | -0.000000002450900        | 0.600291
32700.000000     | 1.474467        | 0.014736        | -0.000000002652456        | 0.600313
32800.000000     | 1.474233        | 0.014734        | -0.000000006242440        | 0.600270
32900.000000     | 1.474267        | 0.014734        | -0.000000018654834        | 0.600257
33000.000000     | 1.474226        | 0.014734        | -0.000000013600113        | 0.600257
33100.000000     | 1.474136        | 0.014733        | -0.000000020805148        | 0.600231
33200.000000     | 1.474321        | 0.014734        | -0.000000017191021        | 0.600235
33300.000000     | 1.474516        | 0.014736        | -0.000000025439899        | 0.600244
33400.000000     | 1.474858        | 0.014739        | -0.000000032276354        | 0.600273
33500.000000     | 1.474959        | 0.014740        | -0.000000030155341        | 0.600277
33600.000000     | 1.475125        | 0.014741        | -0.000000044526171        | 0.600303
33700.000000     | 1.475089        | 0.014741        | -0.000000044523697        | 0.600306
33800.000000     | 1.475188        | 0.014742        | -0.000000031397762        | 0.600319
33900.000000     | 1.475002        | 0.014740        | -0.000000030602599        | 0.600288
34000.000000     | 1.474850        | 0.014738        | -0.000000021255897        | 0.600294
34100.000000     | 1.474633        | 0.014736        | -0.000000016278133        | 0.600267
34200.000000     | 1.474685        | 0.014736        | -0.000000007575018        | 0.600293
34300.000000     | 1.474540        | 0.014734        | -0.000000014153921        | 0.600286
34400.000000     | 1.474910        | 0.014738        | -0.000000022003611        | 0.600312
34500.000000     | 1.474866        | 0.014738        | -0.000000032905748        | 0.600331
34600.000000     | 1.475117        | 0.014739        | -0.000000039010577        | 0.600354
34700.000000     | 1.475114        | 0.014739        | -0.000000035010610        | 0.600322
34800.000000     | 1.475109        | 0.014740        | -0.000000021485034        | 0.600327
34900.000000     | 1.474970        | 0.014739        | -0.000000034188255        | 0.600301
35000.000000     | 1.475026        | 0.014740        | -0.000000035689442        | 0.600303
35100.000000     | 1.474589        | 0.014736        | -0.000000035454401        | 0.600261
35200.000000     | 1.474469        | 0.014735        | -0.000000042871474        | 0.600269
35300.000000     | 1.474422        | 0.014734        | -0.000000034897377        | 0.600243
35400.000000     | 1.474421        | 0.014734        | -0.000000036406150        | 0.600248
35500.000000     | 1.474467        | 0.014734        | -0.000000040039849        | 0.600260
35600.000000     | 1.474473        | 0.014735        | -0.000000032984270        | 0.600242
35700.000000     | 1.474560        | 0.014735        | -0.000000030239017        | 0.600272
35800.000000     | 1.474470        | 0.014734        | -0.000000039839538        | 0.600280
35900.000000     | 1.474268        | 0.014732        | -0.000000035528418        | 0.600258
36000.000000     | 1.474285        | 0.014732        | -0.000000036940987        | 0.600269