    TEMPO       |     E[N]        |       E[W]      |    ERRO DE LITTLE         |     OCUPAÇÃO
100.000000      | 3.814079        | 0.037932        | -0.000000000008861        | 0.803481
200.000000      | 4.211594        | 0.041701        | 0.000000000006612         | 0.807307
300.000000      | 4.247437        | 0.042155        | -0.000000000010512        | 0.807805
400.000000      | 4.101271        | 0.040762        | -0.000000000135294        | 0.806829
500.000000      | 4.058986        | 0.040444        | -0.000000000042869        | 0.803599
600.000000      | 3.984763        | 0.039789        | 0.000000000115308         | 0.799981
700.000000      | 3.908479        | 0.039152        | 0.000000000251875         | 0.797251
800.000000      | 3.824792        | 0.038351        | 0.000000000229146         | 0.794019
900.000000      | 3.809564        | 0.038196        | -0.000000000087111        | 0.793841
1000.000000     | 3.833771        | 0.038386        | 0.000000000040442         | 0.796323
1100.000000     | 3.797714        | 0.038071        | -0.000000000159358        | 0.794550
1200.000000     | 3.766445        | 0.037798        | -0.000000000599444        | 0.793862
1300.000000     | 3.758268        | 0.037707        | -0.000000000598312        | 0.793663
1400.000000     | 3.778619        | 0.037940        | -0.000000000728597        | 0.794545
1500.000000     | 3.764684        | 0.037816        | -0.000000001035308        | 0.794639
1600.000000     | 3.814514        | 0.038295        | -0.000000000722414        | 0.795466
1700.000000     | 3.844364        | 0.038580        | -0.000000001187856        | 0.796128
1800.000000     | 3.819335        | 0.038345        | -0.000000000620893        | 0.796255
1900.000000     | 3.791830        | 0.038108        | -0.000000000052331        | 0.795131
2000.000000     | 3.809036        | 0.038272        | -0.000000001006948        | 0.795580
2100.000000     | 3.800524        | 0.038182        | -0.000000000379002        | 0.795782
2200.000000     | 3.835552        | 0.038504        | 0.000000000597980        | 0.796701
2300.000000     | 3.855846        | 0.038679        | 0.000000001031755        | 0.797798
2400.000000     | 3.844583        | 0.038561        | 0.000000001003729        | 0.797676
2500.000000     | 3.840865        | 0.038524        | 0.000000000065818        | 0.798009
2600.000000     | 3.840138        | 0.038518        | -0.000000000322172        | 0.797892
2700.000000     | 3.829613        | 0.038404        | -0.000000000138054        | 0.798045
2800.000000     | 3.820559        | 0.038315        | -0.000000001374229        | 0.797811
2900.000000     | 3.820787        | 0.038301        | 0.000000000006051        | 0.798281
3000.000000     | 3.827457        | 0.038372        | 0.000000000079761        | 0.797975
3100.000000     | 3.821662        | 0.038320        | 0.000000000792818        | 0.797774
3200.000000     | 3.817342        | 0.038287        | -0.000000000219604        | 0.797445
3300.000000     | 3.823694        | 0.038341        | -0.000000001110324        | 0.797582
3400.000000     | 3.851519        | 0.038616        | -0.000000002188659        | 0.798374
3500.000000     | 3.839382        | 0.038496        | -0.000000003330865        | 0.798188
3600.000000     | 3.841372        | 0.038516        | -0.000000002659062        | 0.798010
3700.000000     | 3.838171        | 0.038489        | -0.000000003724970        | 0.797721
3800.000000     | 3.850027        | 0.038599        | -0.000000002903731        | 0.797858
3900.000000     | 3.853590        | 0.038626        | -0.000000002547397        | 0.798253
4000.000000     | 3.849909        | 0.038584        | -0.000000002456535        | 0.798147
4100.000000     | 3.856019        | 0.038643        | -0.000000002431826        | 0.798232
4200.000000     | 3.856384        | 0.038647        | -0.000000003215769        | 0.798471
4300.000000     | 3.862612        | 0.038714        | -0.000000001191319        | 0.798553
4400.000000     | 3.854282        | 0.038632        | -0.000000000111165        | 0.798447
4500.000000     | 3.849126        | 0.038577        | -0.000000000710134        | 0.798575
4600.000000     | 3.858365        | 0.038658        | -0.000000000489599        | 0.798955
4700.000000     | 3.855623        | 0.038635        | -0.000000000041240        | 0.799015
4800.000000     | 3.866612        | 0.038733        | 0.000000001587192        | 0.799267
4900.000000     | 3.860479        | 0.038656        | 0.000000000308761        | 0.799196
5000.000000     | 3.849481        | 0.038560        | -0.000000000300517        | 0.798561
5100.000000     | 3.853733        | 0.038614        | 0.000000000176892        | 0.798783
5200.000000     | 3.866819        | 0.038746        | -0.000000002104666        | 0.798666
5300.000000     | 3.863631        | 0.038717        | -0.000000002719656        | 0.798477
5400.000000     | 3.865999        | 0.038733        | -0.000000002602793        | 0.798494
5500.000000     | 3.864535        | 0.038719        | -0.000000003496303        | 0.798586
5600.000000     | 3.868324        | 0.038760        | -0.000000003310852        | 0.798549
5700.000000     | 3.871282        | 0.038795        | -0.000000001503337        | 0.798554
5800.000000     | 3.861751        | 0.038696        | -0.000000002635522        | 0.798360
5900.000000     | 3.871419        | 0.038793        | -0.000000002135558        | 0.798456
6000.000000     | 3.868643        | 0.038772        | -0.000000003527731        | 0.798157
6100.000000     | 3.870424        | 0.038784        | -0.000000004782079        | 0.798488
6200.000000     | 3.865063        | 0.038726        | -0.000000003627227        | 0.798259
6300.000000     | 3.867968        | 0.038754        | -0.000000002207670        | 0.798295
6400.000000     | 3.869619        | 0.038765        | -0.000000002944881        | 0.798446
6500.000000     | 3.871084        | 0.038787        | -0.000000002584492        | 0.798276
6600.000000     | 3.872252        | 0.038796        | -0.000000006407280        | 0.798472
6700.000000     | 3.874863        | 0.038826        | -0.000000007943326        | 0.798448
6800.000000     | 3.868792        | 0.038767        | -0.000000008432973        | 0.798414
6900.000000     | 3.871405        | 0.038790        | -0.000000011162034        | 0.798504
7000.000000     | 3.865417        | 0.038730        | -0.000000009643588        | 0.798395
7100.000000     | 3.867050        | 0.038748        | -0.000000007054962        | 0.798429
7200.000000     | 3.866994        | 0.038746        | -0.000000007243461        | 0.798468
7300.000000     | 3.859988        | 0.038682        | -0.000000007776256        | 0.798193
7400.000000     | 3.879172        | 0.038863        | -0.000000003717726        | 0.798699
7500.000000     | 3.874702        | 0.038816        | -0.000000007193407        | 0.798674
7600.000000     | 3.881331        | 0.038878        | -0.000000007270333        | 0.798855
7700.000000     | 3.874256        | 0.038813        | -0.000000008657399        | 0.798630
7800.000000     | 3.875110        | 0.038816        | -0.000000008145189        | 0.798609
7900.000000     | 3.878032        | 0.038848        | -0.000000008149206        | 0.798638
8000.000000     | 3.874979        | 0.038818        | -0.000000007641879        | 0.798580
8100.000000     | 3.871515        | 0.038789        | -0.000000008285904        | 0.798393
8200.000000     | 3.865556        | 0.038729        | -0.000000008448898        | 0.798199
8300.000000     | 3.875577        | 0.038831        | -0.000000008823750        | 0.798233
8400.000000     | 3.872229        | 0.038795        | -0.000000008400657        | 0.798325
8500.000000     | 3.872953        | 0.038803        | -0.000000009978802        | 0.798231
8600.000000     | 3.872453        | 0.038794        | -0.000000009584354        | 0.798283
8700.000000     | 3.870858        | 0.038775        | -0.000000008673724        | 0.798279
8800.000000     | 3.888505        | 0.038945        | -0.000000007547777        | 0.798501
8900.000000     | 3.885164        | 0.038915        | -0.000000008086478        | 0.798396
9000.000000     | 3.886359        | 0.038931        | -0.000000011192476        | 0.798492
9100.000000     | 3.895037        | 0.039011        | -0.000000010103123        | 0.798696
9200.000000     | 3.893292        | 0.038997        | -0.000000012589129        | 0.798514
9300.000000     | 3.888896        | 0.038954        | -0.000000016211355        | 0.798478
9400.000000     | 3.887357        | 0.038936        | -0.000000014755215        | 0.798478
9500.000000     | 3.885621        | 0.038916        | -0.000000018112223        | 0.798499
9600.000000     | 3.886578        | 0.038925        | -0.000000019573317        | 0.798444
9700.000000     | 3.883300        | 0.038892        | -0.000000033322676        | 0.798398
9800.000000     | 3.879941        | 0.038862        | -0.000000034038069        | 0.798222
9900.000000     | 3.883098        | 0.038892        | -0.000000039763041        | 0.798256
10000.000000     | 3.880722        | 0.038869        | -0.000000040941109        | 0.798251
10100.000000     | 3.885588        | 0.038923        | -0.000000034929002        | 0.798271
10200.000000     | 3.884397        | 0.038914        | -0.000000035105395        | 0.798174
10300.000000     | 3.887242        | 0.038940        | -0.000000036247550        | 0.798240
10400.000000     | 3.885493        | 0.038917        | -0.000000036755291        | 0.798319
10500.000000     | 3.883106        | 0.038893        | -0.000000032629614        | 0.798248
10600.000000     | 3.889567        | 0.038952        | -0.000000032327597        | 0.798438
10700.000000     | 3.892418        | 0.038980        | -0.000000032059962        | 0.798540
10800.000000     | 3.893184        | 0.038984        | -0.000000027707798        | 0.798564
10900.000000     | 3.890141        | 0.038955        | -0.000000026681083        | 0.798499
11000.000000     | 3.891563        | 0.038966        | -0.000000028022202        | 0.798500
11100.000000     | 3.890400        | 0.038950        | -0.000000024306025        | 0.798535
11200.000000     | 3.888537        | 0.038928        | -0.000000021753290        | 0.798518
11300.000000     | 3.887602        | 0.038922        | -0.000000016750864        | 0.798545
11400.000000     | 3.890501        | 0.038949        | -0.000000012067936        | 0.798623
11500.000000     | 3.895648        | 0.038989        | -0.000000016118991        | 0.798807
11600.000000     | 3.892876        | 0.038963        | -0.000000015330036        | 0.798793
11700.000000     | 3.892606        | 0.038959        | -0.000000017252121        | 0.798806
11800.000000     | 3.888469        | 0.038916        | -0.000000018846348        | 0.798718
11900.000000     | 3.887737        | 0.038906        | -0.000000022232819        | 0.798783
12000.000000     | 3.887912        | 0.038905        | -0.000000024315784        | 0.798789
12100.000000     | 3.889071        | 0.038919        | -0.000000019160773        | 0.798790
12200.000000     | 3.891928        | 0.038951        | -0.000000020137032        | 0.798820
12300.000000     | 3.890957        | 0.038944        | -0.000000015534106        | 0.798761
12400.000000     | 3.887291        | 0.038909        | -0.000000013269894        | 0.798533
12500.000000     | 3.886063        | 0.038901        | -0.000000013797659        | 0.798463
12600.000000     | 3.882932        | 0.038867        | -0.000000018947121        | 0.798433
12700.000000     | 3.889553        | 0.038930        | -0.000000018567580        | 0.798616
12800.000000     | 3.888030        | 0.038915        | -0.000000015851629        | 0.798605
12900.000000     | 3.891698        | 0.038952        | -0.000000010637046        | 0.798685
13000.000000     | 3.890625        | 0.038941        | -0.000000001874137        | 0.798667
13100.000000     | 3.889660        | 0.038929        | -0.000000003082989        | 0.798713
13200.000000     | 3.887644        | 0.038907        | -0.000000005293681        | 0.798698
13300.000000     | 3.890144        | 0.038932        | -0.000000003569382        | 0.798741
13400.000000     | 3.889989        | 0.038931        | 0.000000000680332        | 0.798767
13500.000000     | 3.892503        | 0.038951        | 0.000000006403423        | 0.798942
13600.000000     | 3.897316        | 0.038997        | -0.000000007157604        | 0.799102
13700.000000     | 3.895468        | 0.038981        | -0.000000009655675        | 0.798967
13800.000000     | 3.894880        | 0.038973        | -0.000000016527516        | 0.799025
13900.000000     | 3.894059        | 0.038966        | -0.000000022310045        | 0.798967
14000.000000     | 3.893505        | 0.038958        | -0.000000015771674        | 0.799029
14100.000000     | 3.894685        | 0.038968        | -0.000000007355095        | 0.799111
14200.000000     | 3.892809        | 0.038952        | -0.000000003931609        | 0.799053
14300.000000     | 3.893850        | 0.038959        | 0.000000002861215        | 0.799111
14400.000000     | 3.893448        | 0.038955        | 0.000000006158736        | 0.799175
14500.000000     | 3.889704        | 0.038923        | 0.000000004603205        | 0.798996
14600.000000     | 3.887923        | 0.038905        | 0.000000010911266        | 0.798959
14700.000000     | 3.889686        | 0.038923        | 0.000000008488261        | 0.798965
14800.000000     | 3.885246        | 0.038881        | 0.000000012443771        | 0.798890
14900.000000     | 3.885192        | 0.038880        | 0.000000011504691        | 0.798861
15000.000000     | 3.886203        | 0.038889        | 0.000000011782546        | 0.798821
15100.000000     | 3.881438        | 0.038846        | 0.000000014228609        | 0.798656
15200.000000     | 3.883396        | 0.038865        | 0.000000014639006        | 0.798687
15300.000000     | 3.887344        | 0.038904        | 0.000000016571155        | 0.798754
15400.000000     | 3.885183        | 0.038877        | 0.000000022847658        | 0.798795
15500.000000     | 3.884400        | 0.038867        | 0.000000015905282        | 0.798843
15600.000000     | 3.886306        | 0.038882        | 0.000000020216934        | 0.798941
15700.000000     | 3.888637        | 0.038902        | 0.000000024123569        | 0.799044
15800.000000     | 3.886389        | 0.038880        | 0.000000016295381        | 0.799058
15900.000000     | 3.887446        | 0.038890        | 0.000000017907563        | 0.799125
16000.000000     | 3.887200        | 0.038888        | 0.000000012894407        | 0.799161
16100.000000     | 3.885170        | 0.038868        | 0.000000013524437        | 0.799126
16200.000000     | 3.884133        | 0.038856        | 0.000000011609807        | 0.799113
16300.000000     | 3.886231        | 0.038878        | 0.000000019275497        | 0.799096
16400.000000     | 3.888987        | 0.038905        | 0.000000017164928        | 0.799148
16500.000000     | 3.888436        | 0.038899        | 0.000000016646879        | 0.799174
16600.000000     | 3.892619        | 0.038938        | 0.000000020173360        | 0.799305
16700.000000     | 3.896108        | 0.038969        | 0.000000024796173        | 0.799488
16800.000000     | 3.897878        | 0.038986        | 0.000000029339423        | 0.799565
16900.000000     | 3.895181        | 0.038961        | 0.000000022374496        | 0.799457
17000.000000     | 3.900957        | 0.039019        | 0.000000031097772        | 0.799524
17100.000000     | 3.898032        | 0.038991        | 0.000000027674159        | 0.799472
17200.000000     | 3.896817        | 0.038979        | 0.000000029104711        | 0.799536
17300.000000     | 3.900870        | 0.039015        | 0.000000022348868        | 0.799655
17400.000000     | 3.903133        | 0.039042        | 0.000000019595872        | 0.799636
17500.000000     | 3.902441        | 0.039034        | 0.000000021474818        | 0.799663
17600.000000     | 3.901385        | 0.039023        | 0.000000028744098        | 0.799628
17700.000000     | 3.898715        | 0.038997        | 0.000000027927836        | 0.799651
17800.000000     | 3.897300        | 0.038981        | 0.000000034588716        | 0.799672
17900.000000     | 3.895338        | 0.038965        | 0.000000030238445        | 0.799583
18000.000000     | 3.895753        | 0.038969        | 0.000000026913851        | 0.799665
18100.000000     | 3.893909        | 0.038953        | 0.000000034524477        | 0.799574
18200.000000     | 3.890869        | 0.038929        | 0.000000037811764        | 0.799520
18300.000000     | 3.891695        | 0.038939        | 0.000000041365249        | 0.799557
18400.000000     | 3.890774        | 0.038930        | 0.000000039230069        | 0.799593
18500.000000     | 3.896209        | 0.038985        | 0.000000034493012        | 0.799567
18600.000000     | 3.895612        | 0.038978        | 0.000000024958727        | 0.799559
18700.000000     | 3.891343        | 0.038937        | 0.000000019500832        | 0.799435
18800.000000     | 3.890235        | 0.038925        | 0.000000022734305        | 0.799411
18900.000000     | 3.888777        | 0.038910        | 0.000000019877954        | 0.799461
19000.000000     | 3.887633        | 0.038898        | 0.000000019263477        | 0.799482
19100.000000     | 3.885980        | 0.038883        | 0.000000015918563        | 0.799454
19200.000000     | 3.886103        | 0.038886        | 0.000000022489218        | 0.799401
19300.000000     | 3.885658        | 0.038881        | 0.000000011914850        | 0.799390
19400.000000     | 3.884995        | 0.038876        | 0.000000015356511        | 0.799349
19500.000000     | 3.887110        | 0.038898        | 0.000000015976804        | 0.799325
19600.000000     | 3.889862        | 0.038924        | 0.000000018283385        | 0.799401
19700.000000     | 3.889876        | 0.038922        | 0.000000004782043        | 0.799457
19800.000000     | 3.894619        | 0.038966        | 0.000000014607418        | 0.799568
19900.000000     | 3.894115        | 0.038960        | 0.000000015741596        | 0.799557
20000.000000     | 3.894091        | 0.038958        | 0.000000014698800        | 0.799509
20100.000000     | 3.894238        | 0.038958        | 0.000000013674698        | 0.799553
20200.000000     | 3.896759        | 0.038983        | 0.000000015228923        | 0.799571
20300.000000     | 3.899374        | 0.039008        | 0.000000015733311        | 0.799597
20400.000000     | 3.899846        | 0.039011        | 0.000000018178046        | 0.799592
20500.000000     | 3.901768        | 0.039027        | 0.000000015175079        | 0.799587
20600.000000     | 3.899095        | 0.039005        | 0.000000018285545        | 0.799519
20700.000000     | 3.899535        | 0.039008        | 0.000000030805353        | 0.799558
20800.000000     | 3.898851        | 0.039002        | 0.000000031883440        | 0.799514
20900.000000     | 3.899022        | 0.039005        | 0.000000039880334        | 0.799490
21000.000000     | 3.897067        | 0.038988        | 0.000000043285146        | 0.799458
21100.000000     | 3.899122        | 0.039007        | 0.000000038875640        | 0.799518
21200.000000     | 3.898790        | 0.039003        | 0.000000031884873        | 0.799471
21300.000000     | 3.903227        | 0.039045        | 0.000000030226285        | 0.799499
21400.000000     | 3.901903        | 0.039033        | 0.000000031228892        | 0.799481
21500.000000     | 3.900135        | 0.039016        | 0.000000031981745        | 0.799429
21600.000000     | 3.902984        | 0.039043        | 0.000000027600839        | 0.799462
21700.000000     | 3.906286        | 0.039073        | 0.000000033459617        | 0.799529
21800.000000     | 3.906720        | 0.039078        | 0.000000035864043        | 0.799539
21900.000000     | 3.907215        | 0.039082        | 0.000000039997908        | 0.799553
22000.000000     | 3.908764        | 0.039098        | 0.000000038642448        | 0.799510
22100.000000     | 3.909032        | 0.039100        | 0.000000040310733        | 0.799556
22200.000000     | 3.906608        | 0.039076        | 0.000000056791251        | 0.799484
22300.000000     | 3.905955        | 0.039071        | 0.000000060817958        | 0.799414
22400.000000     | 3.905061        | 0.039061        | 0.000000050545397        | 0.799369
22500.000000     | 3.904918        | 0.039059        | 0.000000041282153        | 0.799347
22600.000000     | 3.905784        | 0.039065        | 0.000000033256115        | 0.799426
22700.000000     | 3.906471        | 0.039071        | 0.000000037298520        | 0.799423
22800.000000     | 3.904057        | 0.039049        | 0.000000037599568        | 0.799392
22900.000000     | 3.909495        | 0.039100        | 0.000000023430774        | 0.799518
23000.000000     | 3.910041        | 0.039105        | 0.000000029630379        | 0.799492
23100.000000     | 3.910729        | 0.039108        | 0.000000021677006        | 0.799575
23200.000000     | 3.915746        | 0.039158        | 0.000000018134160        | 0.799665
23300.000000     | 3.918869        | 0.039188        | 0.000000018773353        | 0.799735
23400.000000     | 3.919043        | 0.039189        | 0.000000008470668        | 0.799685
23500.000000     | 3.918439        | 0.039183        | 0.000000009177503        | 0.799686
23600.000000     | 3.917495        | 0.039176        | 0.000000001495758        | 0.799605
23700.000000     | 3.920195        | 0.039200        | -0.000000001869598        | 0.799693
23800.000000     | 3.922022        | 0.039218        | -0.000000000322124        | 0.799716
23900.000000     | 3.923055        | 0.039227        | -0.000000012045043        | 0.799709
24000.000000     | 3.920453        | 0.039202        | -0.000000014186873        | 0.799621
24100.000000     | 3.920306        | 0.039199        | -0.000000015259186        | 0.799636
24200.000000     | 3.920933        | 0.039204        | -0.000000020909162        | 0.799711
24300.000000     | 3.919978        | 0.039194        | -0.000000018163808        | 0.799692
24400.000000     | 3.920077        | 0.039195        | -0.000000023302365        | 0.799677
24500.000000     | 3.920314        | 0.039200        | -0.000000016365912        | 0.799669
24600.000000     | 3.920106        | 0.039199        | -0.000000016808651        | 0.799611
24700.000000     | 3.919633        | 0.039196        | -0.000000021179731        | 0.799582
24800.000000     | 3.919018        | 0.039190        | -0.000000013692993        | 0.799564
24900.000000     | 3.918373        | 0.039186        | -0.000000014400710        | 0.799555
25000.000000     | 3.917725        | 0.039181        | -0.000000002380029        | 0.799564
25100.000000     | 3.918330        | 0.039187        | -0.000000007532053        | 0.799628
25200.000000     | 3.917577        | 0.039179        | -0.000000012351876        | 0.799644
25300.000000     | 3.914809        | 0.039154        | -0.000000018067498        | 0.799540
25400.000000     | 3.913736        | 0.039145        | -0.000000019274564        | 0.799506
25500.000000     | 3.913012        | 0.039138        | -0.000000026203200        | 0.799465
25600.000000     | 3.913991        | 0.039149        | -0.000000018668596        | 0.799468
25700.000000     | 3.914225        | 0.039152        | -0.000000028406773        | 0.799486
25800.000000     | 3.914171        | 0.039150        | -0.000000029778931        | 0.799525
25900.000000     | 3.914123        | 0.039151        | -0.000000027234440        | 0.799549
26000.000000     | 3.914681        | 0.039157        | -0.000000032368632        | 0.799568
26100.000000     | 3.913035        | 0.039143        | -0.000000037401848        | 0.799487
26200.000000     | 3.911230        | 0.039127        | -0.000000034341137        | 0.799403
26300.000000     | 3.912183        | 0.039137        | -0.000000025680825        | 0.799431
26400.000000     | 3.911466        | 0.039129        | -0.000000028783844        | 0.799400
26500.000000     | 3.910347        | 0.039118        | -0.000000037974333        | 0.799374
26600.000000     | 3.909158        | 0.039110        | -0.000000031088549        | 0.799302
26700.000000     | 3.908590        | 0.039104        | -0.000000041703564        | 0.799298
26800.000000     | 3.907051        | 0.039089        | -0.000000027777985        | 0.799270
26900.000000     | 3.906340        | 0.039081        | -0.000000024875619        | 0.799242
27000.000000     | 3.906602        | 0.039085        | -0.000000011154266        | 0.799283
27100.000000     | 3.905991        | 0.039079        | -0.000000014862380        | 0.799294
27200.000000     | 3.904996        | 0.039071        | 0.000000006284698        | 0.799254
27300.000000     | 3.904045        | 0.039061        | -0.000000009632770        | 0.799249
27400.000000     | 3.904465        | 0.039063        | -0.000000011161742        | 0.799282
27500.000000     | 3.903070        | 0.039049        | -0.000000009463174        | 0.799260
27600.000000     | 3.902939        | 0.039048        | -0.000000007482647        | 0.799317
27700.000000     | 3.902812        | 0.039047        | -0.000000026610017        | 0.799293
27800.000000     | 3.906216        | 0.039080        | -0.000000053443808        | 0.799372
27900.000000     | 3.905657        | 0.039075        | -0.000000047644348        | 0.799330
28000.000000     | 3.906453        | 0.039082        | -0.000000043557451        | 0.799346
28100.000000     | 3.906347        | 0.039080        | -0.000000051777173        | 0.799330
28200.000000     | 3.905243        | 0.039067        | -0.000000038478066        | 0.799315
28300.000000     | 3.906493        | 0.039080        | -0.000000052683845        | 0.799325
28400.000000     | 3.904094        | 0.039060        | -0.000000046028666        | 0.799239
28500.000000     | 3.906165        | 0.039079        | -0.000000046041523        | 0.799281
28600.000000     | 3.906606        | 0.039085        | -0.000000041111700        | 0.799296
28700.000000     | 3.905230        | 0.039070        | -0.000000036512854        | 0.799297
28800.000000     | 3.906897        | 0.039088        | -0.000000023945542        | 0.799331
28900.000000     | 3.904777        | 0.039070        | -0.000000014716413        | 0.799221
29000.000000     | 3.906731        | 0.039090        | -0.000000013598950        | 0.799226
29100.000000     | 3.906814        | 0.039092        | -0.000000017642099        | 0.799229
29200.000000     | 3.907668        | 0.039099        | -0.000000021481057        | 0.799277
29300.000000     | 3.908522        | 0.039106        | -0.000000021945504        | 0.799287
29400.000000     | 3.907490        | 0.039093        | -0.000000030087235        | 0.799290
29500.000000     | 3.908245        | 0.039100        | -0.000000027538953        | 0.799313
29600.000000     | 3.907078        | 0.039089        | -0.000000036738133        | 0.799312
29700.000000     | 3.907958        | 0.039098        | -0.000000032164240        | 0.799320
29800.000000     | 3.907425        | 0.039092        | -0.000000023533939        | 0.799344
29900.000000     | 3.908107        | 0.039099        | 0.000000003256839        | 0.799367
30000.000000     | 3.907226        | 0.039090        | 0.000000006356434        | 0.799363
30100.000000     | 3.909005        | 0.039105        | 0.000000004453621        | 0.799442
30200.000000     | 3.909749        | 0.039111        | -0.000000006192434        | 0.799485
30300.000000     | 3.909286        | 0.039107        | -0.000000003547606        | 0.799478
30400.000000     | 3.908224        | 0.039098        | -0.000000004541843        | 0.799440
30500.000000     | 3.909555        | 0.039111        | -0.000000005021614        | 0.799457
30600.000000     | 3.911519        | 0.039130        | -0.000000023547097        | 0.799529
30700.000000     | 3.911789        | 0.039134        | -0.000000041256705        | 0.799527
30800.000000     | 3.913357        | 0.039150        | -0.000000035201214        | 0.799518
30900.000000     | 3.914600        | 0.039160        | -0.000000050044034        | 0.799568
31000.000000     | 3.914320        | 0.039155        | -0.000000059427112        | 0.799607
31100.000000     | 3.915859        | 0.039170        | -0.000000061999867        | 0.799653
31200.000000     | 3.917002        | 0.039182        | -0.000000054910458        | 0.799635
31300.000000     | 3.916220        | 0.039172        | -0.000000056835144        | 0.799628
31400.000000     | 3.915900        | 0.039170        | -0.000000055484684        | 0.799605
31500.000000     | 3.915484        | 0.039167        | -0.000000059455804        | 0.799603
31600.000000     | 3.914111        | 0.039154        | -0.000000061594385        | 0.799574
31700.000000     | 3.914037        | 0.039152        | -0.000000066966610        | 0.799614
31800.000000     | 3.914248        | 0.039155        | -0.000000085672871        | 0.799604
31900.000000     | 3.915751        | 0.039171        | -0.000000073951519        | 0.799627
32000.000000     | 3.916219        | 0.039176        | -0.000000065494227        | 0.799655
32100.000000     | 3.915945        | 0.039172        | -0.000000063750457        | 0.799678
32200.000000     | 3.915141        | 0.039164        | -0.000000079358936        | 0.799683
32300.000000     | 3.917757        | 0.039187        | -0.000000086402526        | 0.799766
32400.000000     | 3.918604        | 0.039196        | -0.000000093667945        | 0.799785
32500.000000     | 3.918967        | 0.039200        | -0.000000097970110        | 0.799776
32600.000000     | 3.919037        | 0.039200        | -0.000000098824109        | 0.799767
32700.000000     | 3.922506        | 0.039232        | -0.000000111951205        | 0.799829
32800.000000     | 3.921791        | 0.039226        | -0.000000114787292        | 0.799799
32900.000000     | 3.921501        | 0.039221        | -0.000000118980881        | 0.799788
33000.000000     | 3.922273        | 0.039229        | -0.000000127186782        | 0.799841
33100.000000     | 3.922021        | 0.039226        | -0.000000133777551        | 0.799823
33200.000000     | 3.921635        | 0.039222        | -0.000000137045345        | 0.799798
33300.000000     | 3.922335        | 0.039229        | -0.000000150082334        | 0.799778
33400.000000     | 3.923681        | 0.039243        | -0.000000152948760        | 0.799771
33500.000000     | 3.921706        | 0.039224        | -0.000000151087469        | 0.799727
33600.000000     | 3.924329        | 0.039249        | -0.000000150698139        | 0.799812
33700.000000     | 3.924616        | 0.039253        | -0.000000147929017        | 0.799822
33800.000000     | 3.925452        | 0.039261        | -0.000000156749952        | 0.799871
33900.000000     | 3.924871        | 0.039255        | -0.000000141214027        | 0.799872
34000.000000     | 3.925081        | 0.039257        | -0.000000134270224        | 0.799877
34100.000000     | 3.924482        | 0.039250        | -0.000000140055377        | 0.799848
34200.000000     | 3.925578        | 0.039260        | -0.000000121375116        | 0.799867
34300.000000     | 3.926393        | 0.039268        | -0.000000103056845        | 0.799901
34400.000000     | 3.927272        | 0.039275        | -0.000000100373999        | 0.799952
34500.000000     | 3.927841        | 0.039280        | -0.000000096086548        | 0.799984
34600.000000     | 3.927039        | 0.039271        | -0.000000101280682        | 0.799961
34700.000000     | 3.928030        | 0.039279        | -0.000000103194998        | 0.800014
34800.000000     | 3.927330        | 0.039273        | -0.000000092331796        | 0.799987
34900.000000     | 3.925997        | 0.039262        | -0.000000099019069        | 0.799939
35000.000000     | 3.926798        | 0.039270        | -0.000000099784555        | 0.799969
35100.000000     | 3.925939        | 0.039262        | -0.000000092466075        | 0.799949
35200.000000     | 3.925835        | 0.039262        | -0.000000090866607        | 0.799969
35300.000000     | 3.926095        | 0.039265        | -0.000000096209809        | 0.799962
35400.000000     | 3.926633        | 0.039270        | -0.000000093894140        | 0.799981
35500.000000     | 3.927308        | 0.039275        | -0.000000091344257        | 0.799976
35600.000000     | 3.926929        | 0.039272        | -0.000000103502194        | 0.799943
35700.000000     | 3.926961        | 0.039272        | -0.000000102601941        | 0.799964
35800.000000     | 3.928449        | 0.039286        | -0.000000114076920        | 0.799991
35900.000000     | 3.927623        | 0.039280        | -0.000000113306232        | 0.799957
36000.000000     | 3.927183        | 0.039276        | -0.000000111019972        | 0.799930