    TEMPO       |     E[N]         |       E[W]      |    ERRO DE LITTLE        |     OCUPAÇÃO
100.000000      | 17.878476        | 0.178749        | 0.000000000010814        | 0.941947
200.000000      | 23.114006        | 0.229704        | 0.000000000001908        | 0.947785
300.000000      | 24.784219        | 0.245851        | -0.000000000041428       | 0.954196
400.000000      | 25.551141        | 0.253559        | -0.000000000093362       | 0.956613
500.000000      | 23.600602        | 0.234519        | -0.000000000066226       | 0.956147
600.000000      | 22.015093        | 0.219263        | -0.000000000076838       | 0.954155
700.000000      | 20.972443        | 0.209327        | -0.000000000064851       | 0.951955
800.000000      | 20.300070        | 0.202899        | -0.000000000392362       | 0.950863
900.000000      | 20.240136        | 0.202354        | -0.000000000344997       | 0.951529
1000.000000     | 19.821243        | 0.198220        | -0.000000000245155       | 0.951812
1100.000000     | 18.910446        | 0.189308        | -0.000000000347210       | 0.949279
1200.000000     | 18.332614        | 0.183867        | -0.000000000599698       | 0.948146
1300.000000     | 18.158568        | 0.182046        | -0.000000000827537       | 0.948042
1400.000000     | 18.114924        | 0.181537        | -0.000000000096744       | 0.948882
1500.000000     | 17.812848        | 0.178631        | 0.000000000721368        | 0.948314
1600.000000     | 17.853514        | 0.178882        | 0.000000001290633        | 0.949120
1700.000000     | 17.571241        | 0.176013        | 0.000000001817046        | 0.948759
1800.000000     | 17.442124        | 0.174658        | 0.000000001350045        | 0.948818
1900.000000     | 17.258619        | 0.172994        | 0.000000002008708        | 0.947652
2000.000000     | 17.699177        | 0.177293        | 0.000000001812829        | 0.948398
2100.000000     | 17.449003        | 0.174793        | 0.000000002032206        | 0.948816
2200.000000     | 17.997924        | 0.180293        | 0.000000001646185        | 0.948863
2300.000000     | 18.536201        | 0.185581        | 0.000000001505406        | 0.949620
2400.000000     | 18.397674        | 0.184125        | 0.000000002596277        | 0.949475
2500.000000     | 18.471792        | 0.184909        | 0.000000003596821        | 0.949524
2600.000000     | 18.261926        | 0.182796        | 0.000000004014911        | 0.949390
2700.000000     | 18.325349        | 0.183344        | 0.000000004307381        | 0.949729
2800.000000     | 18.369532        | 0.183742        | 0.000000003333028        | 0.950137
2900.000000     | 18.353071        | 0.183566        | 0.000000003493277        | 0.950299
3000.000000     | 18.911417        | 0.189098        | 0.000000003060443        | 0.950225
3100.000000     | 18.834460        | 0.188330        | 0.000000001850914        | 0.950156
3200.000000     | 18.713500        | 0.187098        | 0.000000002448804        | 0.950054
3300.000000     | 18.586417        | 0.185783        | 0.000000001223654        | 0.950224
3400.000000     | 18.826762        | 0.188185        | 0.000000002945139        | 0.950907
3500.000000     | 18.665387        | 0.186495        | 0.000000002335177        | 0.951126
3600.000000     | 18.693348        | 0.186848        | 0.000000001433271        | 0.950513
3700.000000     | 18.635097        | 0.186270        | 0.000000002172712        | 0.950373
3800.000000     | 18.666757        | 0.186534        | 0.000000002600636        | 0.950426
3900.000000     | 18.871462        | 0.188518        | 0.000000003084896        | 0.951029
4000.000000     | 18.935670        | 0.189212        | 0.000000004412517        | 0.950926
4100.000000     | 18.927616        | 0.189162        | 0.000000003418489        | 0.951022
4200.000000     | 19.235750        | 0.192267        | 0.000000002613877        | 0.951351
4300.000000     | 19.143572        | 0.191406        | 0.000000002454868        | 0.951321
4400.000000     | 19.358551        | 0.193586        | 0.000000003392596        | 0.951146
4500.000000     | 19.353160        | 0.193478        | 0.000000004417476        | 0.951516
4600.000000     | 19.613422        | 0.196017        | 0.000000003852545        | 0.951926
4700.000000     | 19.504691        | 0.194968        | 0.000000004478188        | 0.951763
4800.000000     | 19.688146        | 0.196734        | 0.000000006838270        | 0.951852
4900.000000     | 19.541689        | 0.195250        | 0.000000005868763        | 0.951686
5000.000000     | 19.405283        | 0.193916        | 0.000000003578446        | 0.951474
5100.000000     | 19.297713        | 0.192911        | 0.000000005652101        | 0.951464
5200.000000     | 19.173853        | 0.191648        | 0.000000006134886        | 0.951299
5300.000000     | 19.076383        | 0.190636        | 0.000000003578421        | 0.951323
5400.000000     | 19.060308        | 0.190473        | 0.000000005857327        | 0.951211
5500.000000     | 19.126235        | 0.191172        | 0.000000004176261        | 0.951186
5600.000000     | 19.028834        | 0.190250        | 0.000000001840206        | 0.951007
5700.000000     | 19.323238        | 0.193128        | 0.000000002260588        | 0.951412
5800.000000     | 19.277201        | 0.192667        | 0.000000001854918        | 0.951364
5900.000000     | 19.254681        | 0.192429        | 0.000000002528520        | 0.951425
6000.000000     | 19.249358        | 0.192349        | 0.000000000355303        | 0.951584
6100.000000     | 19.161880        | 0.191483        | 0.000000001083020        | 0.951480
6200.000000     | 19.079529        | 0.190659        | 0.000000002653788        | 0.951322
6300.000000     | 19.052593        | 0.190387        | 0.000000002799670        | 0.951191
6400.000000     | 19.134718        | 0.191209        | 0.000000002356213        | 0.951315
6500.000000     | 19.032466        | 0.190213        | 0.000000002422894        | 0.951075
6600.000000     | 18.968703        | 0.189600        | 0.000000006370474        | 0.950732
6700.000000     | 18.971024        | 0.189625        | 0.000000011842076        | 0.950804
6800.000000     | 19.094020        | 0.190854        | 0.000000011636853        | 0.950899
6900.000000     | 19.100886        | 0.190927        | 0.000000006430017        | 0.951012
7000.000000     | 19.068257        | 0.190576        | 0.000000006484658        | 0.951106
7100.000000     | 18.963054        | 0.189570        | 0.000000005387335        | 0.950870
7200.000000     | 18.874783        | 0.188701        | 0.000000002550671        | 0.950794
7300.000000     | 18.780779        | 0.187783        | 0.000000002430799        | 0.950424
7400.000000     | 18.915549        | 0.189092        | 0.000000004293085        | 0.950841
7500.000000     | 18.881839        | 0.188735        | 0.000000001940467        | 0.950967
7600.000000     | 18.920975        | 0.189125        | 0.000000001121794        | 0.951191
7700.000000     | 19.017885        | 0.190065        | -0.000000001106066        | 0.951215
7800.000000     | 19.065314        | 0.190532        | -0.000000001476586        | 0.951221
7900.000000     | 19.071155        | 0.190604        | -0.000000000556160        | 0.951259
8000.000000     | 19.047888        | 0.190361        | 0.000000001829321        | 0.951237
8100.000000     | 18.948694        | 0.189393        | 0.000000001440217        | 0.950891
8200.000000     | 18.864236        | 0.188547        | 0.000000002657334        | 0.950739
8300.000000     | 18.857591        | 0.188481        | -0.000000000691877        | 0.950749
8400.000000     | 18.877388        | 0.188657        | 0.000000002288576        | 0.950899
8500.000000     | 18.802692        | 0.187929        | 0.000000005781605        | 0.950758
8600.000000     | 18.822370        | 0.188099        | 0.000000011014606        | 0.950843
8700.000000     | 18.738160        | 0.187296        | 0.000000008626809        | 0.950693
8800.000000     | 18.808865        | 0.187997        | 0.000000007794579        | 0.950741
8900.000000     | 18.745491        | 0.187377        | 0.000000005056048        | 0.950605
9000.000000     | 18.826744        | 0.188190        | 0.000000005831112        | 0.950785
9100.000000     | 18.812497        | 0.188021        | 0.000000007163816        | 0.950799
9200.000000     | 18.769772        | 0.187591        | 0.000000008090083        | 0.950766
9300.000000     | 18.698647        | 0.186898        | 0.000000010752281        | 0.950590
9400.000000     | 18.660103        | 0.186552        | 0.000000010104763        | 0.950474
9500.000000     | 18.641628        | 0.186346        | 0.000000008221775        | 0.950495
9600.000000     | 18.620936        | 0.186137        | 0.000000007690751        | 0.950487
9700.000000     | 18.629365        | 0.186208        | 0.000000013022451        | 0.950558
9800.000000     | 18.588051        | 0.185796        | 0.000000007211757        | 0.950456
9900.000000     | 18.575223        | 0.185672        | 0.000000011507673        | 0.950449
10000.000000     | 18.551083        | 0.185443        | 0.000000003332353        | 0.950353
10100.000000     | 18.532016        | 0.185265        | 0.000000004107051        | 0.950240
10200.000000     | 18.497003        | 0.184921        | -0.000000003557457        | 0.950121
10300.000000     | 18.563295        | 0.185588        | -0.000000006703338        | 0.950157
10400.000000     | 18.495623        | 0.184909        | -0.000000002534382        | 0.950082
10500.000000     | 18.452893        | 0.184479        | -0.000000004754000        | 0.950023
10600.000000     | 18.592116        | 0.185873        | -0.000000001838149        | 0.950242
10700.000000     | 18.732140        | 0.187249        | -0.000000003761436        | 0.950479
10800.000000     | 18.684519        | 0.186781        | -0.000000002306447        | 0.950435
10900.000000     | 18.726046        | 0.187189        | 0.000000000805692        | 0.950581
11000.000000     | 18.763469        | 0.187535        | 0.000000001532907        | 0.950659
11100.000000     | 18.746466        | 0.187369        | 0.000000001472500        | 0.950562
11200.000000     | 18.677913        | 0.186699        | 0.000000002406896        | 0.950409
11300.000000     | 18.641010        | 0.186358        | 0.000000008237695        | 0.950319
11400.000000     | 18.607768        | 0.186018        | 0.000000007895792        | 0.950353
11500.000000     | 18.616321        | 0.186069        | 0.000000003241631        | 0.950513
11600.000000     | 18.622902        | 0.186126        | 0.000000010306714        | 0.950519
11700.000000     | 18.641472        | 0.186296        | 0.000000008428035        | 0.950713
11800.000000     | 18.634582        | 0.186229        | 0.000000012747716        | 0.950624
11900.000000     | 18.599175        | 0.185867        | 0.000000010440544        | 0.950621
12000.000000     | 18.601677        | 0.185894        | 0.000000010796853        | 0.950671
12100.000000     | 18.603913        | 0.185932        | 0.000000010325873        | 0.950644
12200.000000     | 18.680235        | 0.186688        | 0.000000015056777        | 0.950769
12300.000000     | 18.637239        | 0.186270        | 0.000000012304110        | 0.950661
12400.000000     | 18.586296        | 0.185782        | 0.000000015884378        | 0.950475
12500.000000     | 18.591376        | 0.185843        | 0.000000015621573        | 0.950366
12600.000000     | 18.526252        | 0.185194        | 0.000000018298056        | 0.950247
12700.000000     | 18.556943        | 0.185483        | 0.000000015260571        | 0.950347
12800.000000     | 18.491650        | 0.184865        | 0.000000011145769        | 0.950189
12900.000000     | 18.551160        | 0.185466        | 0.000000009624017        | 0.950297
13000.000000     | 18.551591        | 0.185463        | 0.000000007263800        | 0.950300
13100.000000     | 18.543222        | 0.185368        | 0.000000008518995        | 0.950369
13200.000000     | 18.507950        | 0.185017        | 0.000000011328311        | 0.950330
13300.000000     | 18.479415        | 0.184741        | 0.000000012372627        | 0.950303
13400.000000     | 18.430274        | 0.184276        | 0.000000016010993        | 0.950183
13500.000000     | 18.406820        | 0.184042        | 0.000000013968769        | 0.950186
13600.000000     | 18.472338        | 0.184674        | 0.000000018159586        | 0.950445
13700.000000     | 18.484058        | 0.184772        | 0.000000017946302        | 0.950524
13800.000000     | 18.457943        | 0.184532        | 0.000000009845643        | 0.950440
13900.000000     | 18.433855        | 0.184291        | 0.000000008083205        | 0.950420
14000.000000     | 18.415758        | 0.184100        | 0.000000008049774        | 0.950490
14100.000000     | 18.423162        | 0.184154        | 0.000000007841511        | 0.950621
14200.000000     | 18.440874        | 0.184338        | 0.000000014504920        | 0.950668
14300.000000     | 18.417053        | 0.184089        | 0.000000014695253        | 0.950660
14400.000000     | 18.416294        | 0.184082        | 0.000000014327917        | 0.950650
14500.000000     | 18.507183        | 0.184976        | 0.000000013202705        | 0.950777
14600.000000     | 18.484165        | 0.184761        | 0.000000013682246        | 0.950594
14700.000000     | 18.477062        | 0.184693        | 0.000000016156626        | 0.950639
14800.000000     | 18.447799        | 0.184404        | 0.000000008118796        | 0.950628
14900.000000     | 18.466050        | 0.184575        | 0.000000004849557        | 0.950722
15000.000000     | 18.436544        | 0.184283        | 0.000000001250747        | 0.950636
15100.000000     | 18.402977        | 0.183958        | 0.000000003211657        | 0.950553
15200.000000     | 18.413518        | 0.184065        | -0.000000002441563        | 0.950590
15300.000000     | 18.422663        | 0.184151        | 0.000000000239861        | 0.950631
15400.000000     | 18.407649        | 0.183999        | 0.000000005657078        | 0.950608
15500.000000     | 18.397259        | 0.183887        | 0.000000005317329        | 0.950644
15600.000000     | 18.481063        | 0.184713        | 0.000000007593556        | 0.950698
15700.000000     | 18.483858        | 0.184754        | 0.000000008760960        | 0.950729
15800.000000     | 18.462191        | 0.184546        | 0.000000005849504        | 0.950681
15900.000000     | 18.539705        | 0.185308        | 0.000000008024617        | 0.950809
16000.000000     | 18.535618        | 0.185262        | 0.000000015328890        | 0.950767
16100.000000     | 18.508034        | 0.184999        | 0.000000010923298        | 0.950684
16200.000000     | 18.619361        | 0.186093        | 0.000000013422415        | 0.950774
16300.000000     | 18.640810        | 0.186306        | 0.000000013406446        | 0.950719
16400.000000     | 18.627616        | 0.186187        | 0.000000016485771        | 0.950690
16500.000000     | 18.622257        | 0.186127        | 0.000000017435173        | 0.950698
16600.000000     | 18.669849        | 0.186600        | 0.000000017584572        | 0.950816
16700.000000     | 18.765162        | 0.187541        | 0.000000016038758        | 0.950968
16800.000000     | 18.752034        | 0.187415        | 0.000000015762044        | 0.950995
16900.000000     | 18.747834        | 0.187384        | 0.000000010720203        | 0.950926
17000.000000     | 18.761123        | 0.187518        | 0.000000010020685        | 0.950939
17100.000000     | 18.747897        | 0.187372        | 0.000000008096293        | 0.950928
17200.000000     | 18.715593        | 0.187051        | 0.000000012032924        | 0.950953
17300.000000     | 18.788641        | 0.187753        | 0.000000010430366        | 0.951116
17400.000000     | 18.740489        | 0.187300        | 0.000000002278554        | 0.951008
17500.000000     | 18.709796        | 0.186995        | 0.000000002205841        | 0.950952
17600.000000     | 18.661702        | 0.186522        | 0.000000007967209        | 0.950835
17700.000000     | 18.661404        | 0.186531        | 0.000000009886097        | 0.950767
17800.000000     | 18.665454        | 0.186567        | 0.000000005034519        | 0.950808
17900.000000     | 18.620474        | 0.186128        | 0.000000007832863        | 0.950736
18000.000000     | 18.646653        | 0.186383        | 0.000000010863474        | 0.950850
18100.000000     | 18.632060        | 0.186251        | 0.000000017108324        | 0.950828
18200.000000     | 18.592219        | 0.185870        | 0.000000017563913        | 0.950778
18300.000000     | 18.606342        | 0.186008        | 0.000000018803259        | 0.950854
18400.000000     | 18.570789        | 0.185677        | 0.000000016606712        | 0.950765
18500.000000     | 18.553298        | 0.185499        | 0.000000019665162        | 0.950785
18600.000000     | 18.544434        | 0.185403        | 0.000000001637734        | 0.950810
18700.000000     | 18.510893        | 0.185084        | 0.000000014242289        | 0.950678
18800.000000     | 18.524356        | 0.185208        | 0.000000004938027        | 0.950759
18900.000000     | 18.496980        | 0.184938        | -0.000000002263118        | 0.950736
19000.000000     | 18.469302        | 0.184670        | -0.000000005207085        | 0.950668
19100.000000     | 18.461198        | 0.184591        | -0.000000001970594        | 0.950636
19200.000000     | 18.425923        | 0.184243        | -0.000000006076966        | 0.950604
19300.000000     | 18.405996        | 0.184045        | -0.000000005415433        | 0.950588
19400.000000     | 18.403962        | 0.184038        | -0.000000006373426        | 0.950543
19500.000000     | 18.425841        | 0.184245        | 0.000000001132303        | 0.950581
19600.000000     | 18.421269        | 0.184202        | 0.000000000708152        | 0.950594
19700.000000     | 18.434581        | 0.184327        | -0.000000008140351        | 0.950628
19800.000000     | 18.445755        | 0.184433        | -0.000000006814922        | 0.950692
19900.000000     | 18.478037        | 0.184745        | -0.000000014497619        | 0.950695
20000.000000     | 18.525855        | 0.185201        | -0.000000005581953        | 0.950788
20100.000000     | 18.514412        | 0.185088        | -0.000000012424358        | 0.950789
20200.000000     | 18.550835        | 0.185442        | -0.000000003014236        | 0.950799
20300.000000     | 18.541177        | 0.185348        | -0.000000005113652        | 0.950825
20400.000000     | 18.509027        | 0.185024        | 0.000000003653856        | 0.950756
20500.000000     | 18.478717        | 0.184739        | -0.000000000637339        | 0.950634
20600.000000     | 18.452684        | 0.184491        | -0.000000002478362        | 0.950582
20700.000000     | 18.437027        | 0.184341        | 0.000000001644434        | 0.950482
20800.000000     | 18.424102        | 0.184217        | 0.000000008895121        | 0.950471
20900.000000     | 18.440613        | 0.184386        | 0.000000011483497        | 0.950509
21000.000000     | 18.403611        | 0.184024        | 0.000000005585193        | 0.950455
21100.000000     | 18.420912        | 0.184193        | 0.000000007788760        | 0.950476
21200.000000     | 18.424852        | 0.184234        | -0.000000000614051        | 0.950497
21300.000000     | 18.456737        | 0.184536        | 0.000000000496986        | 0.950559
21400.000000     | 18.439621        | 0.184367        | -0.000000008301960        | 0.950532
21500.000000     | 18.439657        | 0.184371        | -0.000000007858318        | 0.950506
21600.000000     | 18.454182        | 0.184510        | -0.000000013093821        | 0.950503
21700.000000     | 18.468734        | 0.184643        | -0.000000017939982        | 0.950552
21800.000000     | 18.461289        | 0.184582        | -0.000000022545908        | 0.950472
21900.000000     | 18.513363        | 0.185094        | -0.000000019293207        | 0.950541
22000.000000     | 18.502060        | 0.184984        | -0.000000019600915        | 0.950459
22100.000000     | 18.516408        | 0.185130        | -0.000000017869063        | 0.950463
22200.000000     | 18.498222        | 0.184941        | -0.000000019294802        | 0.950433
22300.000000     | 18.493123        | 0.184894        | -0.000000019367725        | 0.950416
22400.000000     | 18.489550        | 0.184845        | -0.000000018369679        | 0.950367
22500.000000     | 18.470844        | 0.184661        | -0.000000016258063        | 0.950333
22600.000000     | 18.511284        | 0.185052        | -0.000000015106192        | 0.950429
22700.000000     | 18.515691        | 0.185085        | -0.000000017988981        | 0.950468
22800.000000     | 18.498799        | 0.184914        | -0.000000018744917        | 0.950463
22900.000000     | 18.545083        | 0.185373        | -0.000000027302072        | 0.950564
23000.000000     | 18.576985        | 0.185686        | -0.000000024616902        | 0.950575
23100.000000     | 18.681358        | 0.186714        | -0.000000017707706        | 0.950714
23200.000000     | 18.777479        | 0.187677        | -0.000000020490848        | 0.950779
23300.000000     | 18.765935        | 0.187555        | -0.000000031428513        | 0.950793
23400.000000     | 18.750878        | 0.187403        | -0.000000026532700        | 0.950713
23500.000000     | 18.737996        | 0.187275        | -0.000000018295939        | 0.950746
23600.000000     | 18.747419        | 0.187375        | -0.000000010901172        | 0.950707
23700.000000     | 18.819194        | 0.188079        | -0.000000008721251        | 0.950794
23800.000000     | 18.801311        | 0.187913        | -0.000000016991070        | 0.950706
23900.000000     | 18.795759        | 0.187862        | -0.000000013414788        | 0.950666
24000.000000     | 18.764538        | 0.187554        | -0.000000011149176        | 0.950572
24100.000000     | 18.771964        | 0.187623        | -0.000000006051476        | 0.950560
24200.000000     | 18.827846        | 0.188193        | -0.000000009820457        | 0.950646
24300.000000     | 18.834774        | 0.188252        | -0.000000003817853        | 0.950688
24400.000000     | 18.864085        | 0.188544        | -0.000000007261328        | 0.950708
24500.000000     | 18.870318        | 0.188609        | -0.000000001295135        | 0.950710
24600.000000     | 18.854848        | 0.188462        | -0.000000006481184        | 0.950674
24700.000000     | 18.820073        | 0.188122        | -0.000000010843483        | 0.950562
24800.000000     | 18.860906        | 0.188527        | -0.000000014159415        | 0.950645
24900.000000     | 18.852695        | 0.188451        | -0.000000024817663        | 0.950668
25000.000000     | 18.873228        | 0.188661        | -0.000000025771726        | 0.950731
25100.000000     | 18.880818        | 0.188736        | -0.000000024831913        | 0.950765
25200.000000     | 18.898621        | 0.188918        | -0.000000028762539        | 0.950763
25300.000000     | 18.885278        | 0.188794        | -0.000000031375322        | 0.950690
25400.000000     | 18.869390        | 0.188637        | -0.000000033651716        | 0.950674
25500.000000     | 18.858684        | 0.188531        | -0.000000037984886        | 0.950688
25600.000000     | 18.834501        | 0.188302        | -0.000000041553573        | 0.950635
25700.000000     | 18.805391        | 0.188015        | -0.000000035091904        | 0.950588
25800.000000     | 18.825952        | 0.188206        | -0.000000034534015        | 0.950651
25900.000000     | 18.834200        | 0.188293        | -0.000000030299759        | 0.950669
26000.000000     | 18.849250        | 0.188433        | -0.000000038099966        | 0.950759
26100.000000     | 18.811610        | 0.188071        | -0.000000049285635        | 0.950651
26200.000000     | 18.798949        | 0.187956        | -0.000000049646772        | 0.950555
26300.000000     | 18.782216        | 0.187789        | -0.000000045843723        | 0.950547
26400.000000     | 18.777963        | 0.187742        | -0.000000063283768        | 0.950589
26500.000000     | 18.780631        | 0.187769        | -0.000000064842183        | 0.950553
26600.000000     | 18.766391        | 0.187641        | -0.000000053279308        | 0.950489
26700.000000     | 18.770109        | 0.187679        | -0.000000039565577        | 0.950485
26800.000000     | 18.738719        | 0.187373        | -0.000000065365747        | 0.950393
26900.000000     | 18.730553        | 0.187285        | -0.000000059257818        | 0.950325
27000.000000     | 18.746179        | 0.187449        | -0.000000064652806        | 0.950306
27100.000000     | 18.732524        | 0.187308        | -0.000000058428089        | 0.950337
27200.000000     | 18.714491        | 0.187135        | -0.000000065150669        | 0.950331
27300.000000     | 18.719825        | 0.187187        | -0.000000071141020        | 0.950302
27400.000000     | 18.758804        | 0.187569        | -0.000000080145352        | 0.950361
27500.000000     | 18.763441        | 0.187604        | -0.000000084753136        | 0.950388
27600.000000     | 18.760398        | 0.187573        | -0.000000098379505        | 0.950409
27700.000000     | 18.762764        | 0.187596        | -0.000000098161443        | 0.950398
27800.000000     | 18.773810        | 0.187704        | -0.000000092404814        | 0.950411
27900.000000     | 18.760518        | 0.187577        | -0.000000103698380        | 0.950376
28000.000000     | 18.755457        | 0.187520        | -0.000000103222714        | 0.950416
28100.000000     | 18.747202        | 0.187426        | -0.000000112727616        | 0.950463
28200.000000     | 18.777812        | 0.187722        | -0.000000113209342        | 0.950497
28300.000000     | 18.783348        | 0.187779        | -0.000000116674507        | 0.950523
28400.000000     | 18.756406        | 0.187519        | -0.000000129539934        | 0.950483
28500.000000     | 18.756294        | 0.187508        | -0.000000141821786        | 0.950517
28600.000000     | 18.748608        | 0.187433        | -0.000000143179026        | 0.950538
28700.000000     | 18.729573        | 0.187253        | -0.000000134501732        | 0.950485
28800.000000     | 18.762581        | 0.187583        | -0.000000110314382        | 0.950548
28900.000000     | 18.751555        | 0.187472        | -0.000000117808760        | 0.950514
29000.000000     | 18.827718        | 0.188232        | -0.000000110326258        | 0.950585
29100.000000     | 18.816875        | 0.188123        | -0.000000098305598        | 0.950637
29200.000000     | 18.813770        | 0.188084        | -0.000000103456177        | 0.950665
29300.000000     | 18.802666        | 0.187972        | -0.000000113534966        | 0.950639
29400.000000     | 18.779522        | 0.187736        | -0.000000106389038        | 0.950605
29500.000000     | 18.764038        | 0.187585        | -0.000000108177552        | 0.950606
29600.000000     | 18.749008        | 0.187440        | -0.000000112069724        | 0.950588
29700.000000     | 18.751547        | 0.187463        | -0.000000110360862        | 0.950619
29800.000000     | 18.738389        | 0.187335        | -0.000000103667283        | 0.950587
29900.000000     | 18.750458        | 0.187455        | -0.000000101090940        | 0.950628
30000.000000     | 18.756207        | 0.187505        | -0.000000109092035        | 0.950638
30100.000000     | 18.738079        | 0.187321        | -0.000000120530686        | 0.950645
30200.000000     | 18.778352        | 0.187706        | -0.000000133325958        | 0.950733
30300.000000     | 18.763560        | 0.187567        | -0.000000153645562        | 0.950686
30400.000000     | 18.741965        | 0.187355        | -0.000000164589654        | 0.950656
30500.000000     | 18.733426        | 0.187261        | -0.000000158163893        | 0.950684
30600.000000     | 18.739090        | 0.187324        | -0.000000158595221        | 0.950713
30700.000000     | 18.756557        | 0.187503        | -0.000000155955071        | 0.950747
30800.000000     | 18.735201        | 0.187292        | -0.000000144830889        | 0.950684
30900.000000     | 18.779961        | 0.187725        | -0.000000140780926        | 0.950800
31000.000000     | 18.805970        | 0.187976        | -0.000000134175888        | 0.950821
31100.000000     | 18.803659        | 0.187948        | -0.000000127688651        | 0.950840
31200.000000     | 18.817821        | 0.188085        | -0.000000113909184        | 0.950869
31300.000000     | 18.833530        | 0.188228        | -0.000000128903583        | 0.950878
31400.000000     | 18.819827        | 0.188104        | -0.000000136541690        | 0.950823
31500.000000     | 18.800064        | 0.187918        | -0.000000144063705        | 0.950778
31600.000000     | 18.795958        | 0.187876        | -0.000000142830721        | 0.950717
31700.000000     | 18.806012        | 0.187973        | -0.000000135484644        | 0.950763
31800.000000     | 18.799297        | 0.187912        | -0.000000124796578        | 0.950719
31900.000000     | 18.779156        | 0.187727        | -0.000000131008154        | 0.950625
32000.000000     | 18.799909        | 0.187939        | -0.000000130541999        | 0.950660
32100.000000     | 18.773800        | 0.187684        | -0.000000139696013        | 0.950616
32200.000000     | 18.780777        | 0.187751        | -0.000000140156153        | 0.950672
32300.000000     | 18.769436        | 0.187630        | -0.000000131734588        | 0.950690
32400.000000     | 18.759436        | 0.187537        | -0.000000135734961        | 0.950678
32500.000000     | 18.736393        | 0.187315        | -0.000000141722769        | 0.950616
32600.000000     | 18.732298        | 0.187268        | -0.000000140427559        | 0.950620
32700.000000     | 18.760008        | 0.187537        | -0.000000146432793        | 0.950705
32800.000000     | 18.744056        | 0.187385        | -0.000000151600386        | 0.950645
32900.000000     | 18.737711        | 0.187315        | -0.000000144360410        | 0.950630
33000.000000     | 18.730828        | 0.187247        | -0.000000162293308        | 0.950638
33100.000000     | 18.715101        | 0.187091        | -0.000000173235886        | 0.950609
33200.000000     | 18.713328        | 0.187067        | -0.000000180209732        | 0.950613
33300.000000     | 18.713695        | 0.187066        | -0.000000187528450        | 0.950632
33400.000000     | 18.732706        | 0.187254        | -0.000000194138668        | 0.950688
33500.000000     | 18.710764        | 0.187035        | -0.000000206130139        | 0.950659
33600.000000     | 18.713799        | 0.187066        | -0.000000207408288        | 0.950698
33700.000000     | 18.713501        | 0.187064        | -0.000000202857279        | 0.950679
33800.000000     | 18.714150        | 0.187066        | -0.000000206934260        | 0.950726
33900.000000     | 18.692378        | 0.186846        | -0.000000182710359        | 0.950668
34000.000000     | 18.710524        | 0.187029        | -0.000000179797372        | 0.950677
34100.000000     | 18.686940        | 0.186790        | -0.000000183809899        | 0.950604
34200.000000     | 18.694114        | 0.186858        | -0.000000176331273        | 0.950639
34300.000000     | 18.689302        | 0.186805        | -0.000000183451462        | 0.950651
34400.000000     | 18.677700        | 0.186688        | -0.000000177845383        | 0.950690
34500.000000     | 18.697838        | 0.186883        | -0.000000175590436        | 0.950759
34600.000000     | 18.701406        | 0.186917        | -0.000000172480853        | 0.950713
34700.000000     | 18.706378        | 0.186966        | -0.000000173848946        | 0.950700
34800.000000     | 18.717560        | 0.187078        | -0.000000170711633        | 0.950741
34900.000000     | 18.696273        | 0.186876        | -0.000000168284970        | 0.950671
35000.000000     | 18.718788        | 0.187103        | -0.000000156620597        | 0.950711
35100.000000     | 18.712421        | 0.187044        | -0.000000150946569        | 0.950668
35200.000000     | 18.706057        | 0.186985        | -0.000000140921927        | 0.950617
35300.000000     | 18.683894        | 0.186766        | -0.000000148058685        | 0.950577
35400.000000     | 18.666645        | 0.186596        | -0.000000138591908        | 0.950567
35500.000000     | 18.661159        | 0.186533        | -0.000000149088677        | 0.950578
35600.000000     | 18.649162        | 0.186419        | -0.000000135520168        | 0.950519
35700.000000     | 18.685676        | 0.186782        | -0.000000140138692        | 0.950587
35800.000000     | 18.678939        | 0.186717        | -0.000000129806036        | 0.950610
35900.000000     | 18.661842        | 0.186546        | -0.000000132194838        | 0.950598
36000.000000     | 18.652268        | 0.186446        | -0.000000128163016        | 0.950613