    TEMPO       |     E[N]         |       E[W]      |    ERRO DE LITTLE         |     OCUPAÇÃO
100.000000      | 64.998893        | 0.646369        | 0.000000000012605         | 0.977589
200.000000      | 146.391899       | 1.444063        | -0.000000000004775        | 0.988778
300.000000      | 165.885296       | 1.639993        | 0.000000000052211         | 0.992527
400.000000      | 167.726897       | 1.661773        | 0.000000000060595         | 0.994409
500.000000      | 154.644793       | 1.536919        | 0.000000000192301         | 0.994237
600.000000      | 135.658056       | 1.352253        | 0.000000000142933         | 0.992831
700.000000      | 119.845924       | 1.197672        | -0.000000000067956        | 0.989633
800.000000      | 108.476735       | 1.084672        | 0.000000000226848         | 0.988601
900.000000      | 107.141273       | 1.070045        | 0.000000000241386         | 0.989342
1000.000000     | 101.453135       | 1.012749        | -0.000000000036863        | 0.989222
1100.000000     | 94.554175        | 0.945155        | -0.000000000528047        | 0.987138
1200.000000     | 88.766192        | 0.889055        | 0.000000000177806         | 0.984987
1300.000000     | 87.392983        | 0.874367        | -0.000000000576676        | 0.986131
1400.000000     | 87.404307        | 0.874949        | -0.000000000587534        | 0.986947
1500.000000     | 83.976289        | 0.840710        | -0.000000000631346        | 0.986491
1600.000000     | 88.615706        | 0.886578        | -0.000000001050083        | 0.987329
1700.000000     | 93.386855        | 0.934506        | -0.000000000820236        | 0.987930
1800.000000     | 91.299261        | 0.913658        | -0.000000000636419        | 0.988029
1900.000000     | 89.457547        | 0.896193        | -0.000000000971525        | 0.987303
2000.000000     | 92.788797        | 0.929086        | -0.000000001340013        | 0.987941
2100.000000     | 94.241332        | 0.943609        | -0.000000001842935        | 0.988515
2200.000000     | 92.341154        | 0.924875        | -0.000000001474191        | 0.988274
2300.000000     | 95.238920        | 0.953633        | -0.000000000792326        | 0.988782
2400.000000     | 97.088202        | 0.971562        | 0.000000001023182        | 0.989251
2500.000000     | 95.198650        | 0.952947        | 0.000000000516181        | 0.989239
2600.000000     | 92.866875        | 0.929641        | 0.000000001781231        | 0.988966
2700.000000     | 93.033311        | 0.930854        | 0.000000002052559        | 0.989377
2800.000000     | 92.244048        | 0.923367        | 0.000000001426258        | 0.989225
2900.000000     | 91.576699        | 0.916912        | 0.000000001769592        | 0.989189
3000.000000     | 89.945826        | 0.900821        | 0.000000002495440        | 0.988314
3100.000000     | 87.895062        | 0.880473        | 0.000000002313215        | 0.988144
3200.000000     | 87.001866        | 0.871473        | 0.000000001271928        | 0.988103
3300.000000     | 86.144321        | 0.862837        | 0.000000001079982        | 0.988260
3400.000000     | 87.830717        | 0.879684        | 0.000000000321592        | 0.988612
3500.000000     | 87.530313        | 0.876821        | 0.000000001688349        | 0.988902
3600.000000     | 86.341795        | 0.865247        | 0.000000000091575        | 0.988255
3700.000000     | 84.940541        | 0.851495        | 0.000000002042569        | 0.987835
3800.000000     | 84.056979        | 0.842265        | 0.000000001346464        | 0.988026
3900.000000     | 86.939526        | 0.871003        | 0.000000001100062        | 0.988329
4000.000000     | 89.121891        | 0.892911        | 0.000000000113658        | 0.988622
4100.000000     | 87.478240        | 0.876769        | -0.000000000007276        | 0.988188
4200.000000     | 87.177997        | 0.873758        | 0.000000000477485        | 0.988062
4300.000000     | 88.563217        | 0.887750        | -0.000000000936666        | 0.988342
4400.000000     | 89.096643        | 0.893006        | -0.000000000870656        | 0.988606
4500.000000     | 89.049958        | 0.892469        | 0.000000000358483        | 0.988863
4600.000000     | 91.151566        | 0.913175        | 0.000000000071111        | 0.989107
4700.000000     | 94.558434        | 0.947370        | 0.000000001210353        | 0.989334
4800.000000     | 95.201559        | 0.953354        | -0.000000002248314        | 0.989556
4900.000000     | 96.182726        | 0.962975        | -0.000000003937402        | 0.989770
5000.000000     | 94.849136        | 0.949777        | -0.000000007652616        | 0.989484
5100.000000     | 93.842277        | 0.939897        | -0.000000008353069        | 0.989573
5200.000000     | 92.795950        | 0.929361        | -0.000000008030909        | 0.989480
5300.000000     | 91.660749        | 0.918033        | -0.000000006092236        | 0.989372
5400.000000     | 90.866856        | 0.910132        | -0.000000008037560        | 0.989211
5500.000000     | 89.788670        | 0.899557        | -0.000000006912416        | 0.989106
5600.000000     | 88.738431        | 0.889029        | -0.000000005722768        | 0.988949
5700.000000     | 88.016073        | 0.881804        | -0.000000005047866        | 0.989060
5800.000000     | 87.296969        | 0.874483        | -0.000000004941242        | 0.989116
5900.000000     | 86.969388        | 0.871048        | -0.000000005126196        | 0.989250
6000.000000     | 86.012984        | 0.861505        | -0.000000004808470        | 0.989022
6100.000000     | 85.055404        | 0.852098        | -0.000000004437993        | 0.988817
6200.000000     | 84.421243        | 0.845580        | -0.000000004813401        | 0.988873
6300.000000     | 83.584450        | 0.837123        | -0.000000007340802        | 0.988722
6400.000000     | 82.726141        | 0.828515        | -0.000000005667360        | 0.988607
6500.000000     | 81.978177        | 0.821123        | -0.000000004138712        | 0.988403
6600.000000     | 81.147159        | 0.812826        | -0.000000001590010        | 0.988198
6700.000000     | 80.409497        | 0.805439        | 0.000000002930292        | 0.988133
6800.000000     | 81.119210        | 0.812478        | 0.000000002002736        | 0.988307
6900.000000     | 81.405285        | 0.815334        | 0.000000003854538        | 0.988479
7000.000000     | 80.671423        | 0.808117        | 0.000000006570318        | 0.988301
7100.000000     | 79.900660        | 0.800496        | 0.000000002600729        | 0.988195
7200.000000     | 79.164405        | 0.793096        | 0.000000001139668        | 0.988102
7300.000000     | 78.305729        | 0.784549        | 0.000000002357723        | 0.987732
7400.000000     | 78.391853        | 0.785415        | 0.000000008234636        | 0.987831
7500.000000     | 79.255296        | 0.793973        | 0.000000006164356        | 0.987991
7600.000000     | 79.971275        | 0.801093        | 0.000000003692179        | 0.988150
7700.000000     | 79.447733        | 0.795814        | 0.000000003113229        | 0.988083
7800.000000     | 79.621623        | 0.797492        | -0.000000000112109        | 0.988207
7900.000000     | 79.149002        | 0.792815        | -0.000000001950383        | 0.988157
8000.000000     | 78.834045        | 0.789580        | -0.000000001203659        | 0.988253
8100.000000     | 78.156519        | 0.782861        | 0.000000000654751        | 0.987979
8200.000000     | 77.453144        | 0.775835        | 0.000000000296453        | 0.987727
8300.000000     | 77.387892        | 0.775180        | -0.000000002990276        | 0.987810
8400.000000     | 77.913684        | 0.780375        | -0.000000003796870        | 0.987956
8500.000000     | 77.664498        | 0.777916        | -0.000000004221008        | 0.987893
8600.000000     | 77.012330        | 0.771414        | -0.000000003997911        | 0.987699
8700.000000     | 76.484553        | 0.766168        | -0.000000001743288        | 0.987675
8800.000000     | 76.214178        | 0.763456        | -0.000000004131380        | 0.987615
8900.000000     | 75.695568        | 0.758304        | -0.000000005156949        | 0.987517
9000.000000     | 76.109498        | 0.762446        | -0.000000005844441        | 0.987569
9100.000000     | 77.598254        | 0.777265        | -0.000000007170613        | 0.987704
9200.000000     | 77.519917        | 0.776595        | -0.000000010321145        | 0.987719
9300.000000     | 77.082167        | 0.772198        | -0.000000013878378        | 0.987646
9400.000000     | 76.597220        | 0.767416        | -0.000000014597603        | 0.987522
9500.000000     | 76.179599        | 0.763217        | -0.000000013119447        | 0.987492
9600.000000     | 75.924098        | 0.760620        | -0.000000014087519        | 0.987471
9700.000000     | 76.831131        | 0.769617        | -0.000000011727479        | 0.987599
9800.000000     | 77.226559        | 0.773550        | -0.000000013786945        | 0.987726
9900.000000     | 77.071412        | 0.772028        | -0.000000012606307        | 0.987773
10000.000000     | 76.782650        | 0.769152        | -0.000000015318378        | 0.987762
10100.000000     | 76.273441        | 0.764197        | -0.000000011832554        | 0.987513
10200.000000     | 75.760064        | 0.759150        | -0.000000013646840        | 0.987281
10300.000000     | 75.417633        | 0.755719        | -0.000000013659346        | 0.987309
10400.000000     | 75.874781        | 0.760241        | -0.000000011917820        | 0.987431
10500.000000     | 75.613461        | 0.757622        | -0.000000005417618        | 0.987461
10600.000000     | 76.374392        | 0.765165        | -0.000000005907040        | 0.987581
10700.000000     | 78.490704        | 0.786281        | -0.000000003909363        | 0.987696
10800.000000     | 81.392780        | 0.815197        | -0.000000003124001        | 0.987809
10900.000000     | 84.270840        | 0.844005        | -0.000000003387072        | 0.987921
11000.000000     | 86.758214        | 0.868801        | -0.000000006077883        | 0.988031
11100.000000     | 89.847368        | 0.899610        | -0.000000005467840        | 0.988139
11200.000000     | 90.756229        | 0.908724        | -0.000000009355901        | 0.988245
11300.000000     | 90.226982        | 0.903492        | -0.000000008949328        | 0.988182
11400.000000     | 90.271949        | 0.903784        | -0.000000009340638        | 0.988286
11500.000000     | 92.828878        | 0.929120        | -0.000000007161347        | 0.988389
11600.000000     | 95.421765        | 0.954968        | -0.000000011994345        | 0.988488
11700.000000     | 98.399340        | 0.984737        | -0.000000010602022        | 0.988586
11800.000000     | 101.000371        | 1.010639        | -0.000000009806072        | 0.988683
11900.000000     | 102.966617        | 1.030261        | -0.000000006498510        | 0.988778
12000.000000     | 104.854658        | 1.049194        | -0.000000001983210        | 0.988871
12100.000000     | 105.917989        | 1.059967        | -0.000000004043372        | 0.988963
12200.000000     | 107.002312        | 1.070749        | -0.000000002773476        | 0.989054
12300.000000     | 107.876071        | 1.079515        | -0.000000000969322        | 0.989142
12400.000000     | 107.725328        | 1.078020        | -0.000000003394774        | 0.989113
12500.000000     | 107.254945        | 1.073411        | -0.000000005363248        | 0.989075
12600.000000     | 106.895620        | 1.069791        | -0.000000004430532        | 0.989112
12700.000000     | 106.488595        | 1.065613        | -0.000000003174691        | 0.989151
12800.000000     | 105.947256        | 1.060361        | -0.000000002777739        | 0.989036
12900.000000     | 105.523723        | 1.056165        | -0.000000001481567        | 0.988990
13000.000000     | 105.120104        | 1.052122        | -0.000000004511151        | 0.988974
13100.000000     | 104.948031        | 1.050333        | -0.000000010154764        | 0.989054
13200.000000     | 104.428592        | 1.045137        | -0.000000010164072        | 0.988966
13300.000000     | 103.953194        | 1.040475        | -0.000000013568922        | 0.988876
13400.000000     | 103.464346        | 1.035685        | -0.000000012918974        | 0.988734
13500.000000     | 103.151336        | 1.032561        | -0.000000008369213        | 0.988785
13600.000000     | 103.011313        | 1.031086        | -0.000000010465072        | 0.988844
13700.000000     | 102.589562        | 1.026797        | -0.000000016502497        | 0.988879
13800.000000     | 102.448426        | 1.025439        | -0.000000024682578        | 0.988890
13900.000000     | 102.117338        | 1.022129        | -0.000000026466552        | 0.988864
14000.000000     | 102.457406        | 1.025331        | -0.000000033598312        | 0.988943
14100.000000     | 103.307526        | 1.033728        | -0.000000027097542        | 0.989021
14200.000000     | 105.477556        | 1.055401        | -0.000000032507216        | 0.989099
14300.000000     | 107.837339        | 1.078905        | -0.000000028859986        | 0.989176
14400.000000     | 110.176602        | 1.102225        | -0.000000021958385        | 0.989250
14500.000000     | 111.740410        | 1.117881        | -0.000000022196375        | 0.989326
14600.000000     | 111.731242        | 1.117820        | -0.000000023918716        | 0.989343
14700.000000     | 111.443329        | 1.114969        | -0.000000025408866        | 0.989405
14800.000000     | 110.900659        | 1.109625        | -0.000000030187294        | 0.989372
14900.000000     | 111.250981        | 1.113107        | -0.000000024460746        | 0.989443
15000.000000     | 111.373706        | 1.114276        | -0.000000023869191        | 0.989496
15100.000000     | 110.854969        | 1.109181        | -0.000000029784715        | 0.989477
15200.000000     | 110.537808        | 1.105884        | -0.000000027916599        | 0.989539
15300.000000     | 110.286407        | 1.103390        | -0.000000025284379        | 0.989579
15400.000000     | 110.058865        | 1.101020        | -0.000000022580736        | 0.989647
15500.000000     | 109.766284        | 1.098169        | -0.000000022241878        | 0.989630
15600.000000     | 109.658468        | 1.097063        | -0.000000017076530        | 0.989652
15700.000000     | 109.391142        | 1.094347        | -0.000000008580585        | 0.989715
15800.000000     | 109.265591        | 1.093153        | -0.000000009424582        | 0.989774
15900.000000     | 109.190431        | 1.092332        | -0.000000010914036        | 0.989742
16000.000000     | 110.679795        | 1.107190        | -0.000000006644385        | 0.989806
16100.000000     | 110.968070        | 1.110102        | -0.000000012061079        | 0.989868
16200.000000     | 110.841758        | 1.108752        | -0.000000018137413        | 0.989905
16300.000000     | 111.338481        | 1.113690        | -0.000000019047093        | 0.989968
16400.000000     | 111.690090        | 1.117205        | -0.000000020956250        | 0.990029
16500.000000     | 111.444657        | 1.114773        | -0.000000020082140        | 0.990074
16600.000000     | 111.834088        | 1.118592        | -0.000000016858209        | 0.990133
16700.000000     | 113.356060        | 1.133683        | -0.000000011592988        | 0.990193
16800.000000     | 115.222008        | 1.152379        | -0.000000011662223        | 0.990251
16900.000000     | 115.479679        | 1.154953        | -0.000000014921028        | 0.990308
17000.000000     | 115.690030        | 1.157025        | -0.000000016799262        | 0.990366
17100.000000     | 115.402699        | 1.154169        | -0.000000011445692        | 0.990320
17200.000000     | 115.485684        | 1.154930        | -0.000000015502835        | 0.990377
17300.000000     | 115.713995        | 1.157062        | -0.000000011099516        | 0.990432
17400.000000     | 115.887977        | 1.158980        | -0.000000006373483        | 0.990461
17500.000000     | 115.591532        | 1.156004        | -0.000000008970915        | 0.990434
17600.000000     | 115.306093        | 1.153136        | -0.000000009207369        | 0.990435
17700.000000     | 114.840491        | 1.148576        | -0.000000005817085        | 0.990344
17800.000000     | 114.697403        | 1.147059        | -0.000000008259647        | 0.990398
17900.000000     | 114.227112        | 1.142386        | -0.000000008530293        | 0.990374
18000.000000     | 114.551616        | 1.145540        | 0.000000002177927        | 0.990427
18100.000000     | 114.934837        | 1.149380        | 0.000000003174719        | 0.990480
18200.000000     | 114.482286        | 1.144959        | 0.000000003466525        | 0.990482
18300.000000     | 114.126052        | 1.141395        | 0.000000006476597        | 0.990464
18400.000000     | 113.722151        | 1.137440        | 0.000000005087216        | 0.990432
18500.000000     | 113.321641        | 1.133399        | 0.000000007297174        | 0.990395
18600.000000     | 113.441058        | 1.134534        | 0.000000005573142        | 0.990447
18700.000000     | 112.936423        | 1.129631        | 0.000000012626231        | 0.990294
18800.000000     | 112.555135        | 1.125807        | 0.000000009736667        | 0.990256
18900.000000     | 112.513769        | 1.125368        | 0.000000014561365        | 0.990307
19000.000000     | 112.122987        | 1.121507        | 0.000000030688071        | 0.990281
19100.000000     | 111.695687        | 1.117253        | 0.000000023755987        | 0.990190
19200.000000     | 111.284852        | 1.113190        | 0.000000020531317        | 0.990124
19300.000000     | 110.896156        | 1.109309        | 0.000000009779896        | 0.990103
19400.000000     | 110.419572        | 1.104618        | 0.000000009305964        | 0.989974
19500.000000     | 110.197356        | 1.102322        | 0.000000001561517        | 0.990014
19600.000000     | 110.308356        | 1.103450        | 0.000000002818894        | 0.990065
19700.000000     | 110.512144        | 1.105457        | 0.000000006799354        | 0.990115
19800.000000     | 110.555912        | 1.105891        | -0.000000002158728        | 0.990165
19900.000000     | 110.458114        | 1.104867        | 0.000000005222901        | 0.990161
20000.000000     | 110.513444        | 1.105297        | 0.000000002448530        | 0.990192
20100.000000     | 110.176539        | 1.101966        | -0.000000012654354        | 0.990146
20200.000000     | 110.309787        | 1.103220        | -0.000000009618148        | 0.990193
20300.000000     | 110.019424        | 1.100311        | 0.000000003415082        | 0.990212
20400.000000     | 109.687369        | 1.096971        | 0.000000010077130        | 0.990169
20500.000000     | 109.303756        | 1.093146        | -0.000000000263739        | 0.990097
20600.000000     | 108.890720        | 1.089104        | 0.000000005955485        | 0.989999
20700.000000     | 108.624638        | 1.086509        | 0.000000011919298        | 0.989996
20800.000000     | 108.261563        | 1.082879        | 0.000000021848834        | 0.989973
20900.000000     | 108.180373        | 1.082094        | 0.000000025727829        | 0.990003
21000.000000     | 107.937743        | 1.079731        | 0.000000032030869        | 0.989987
21100.000000     | 107.852723        | 1.078889        | 0.000000014460710        | 0.990004
21200.000000     | 107.741781        | 1.077813        | 0.000000011633446        | 0.989988
21300.000000     | 107.641275        | 1.076768        | 0.000000014853597        | 0.989952
21400.000000     | 108.171964        | 1.082111        | 0.000000025934156        | 0.989998
21500.000000     | 108.172918        | 1.082156        | 0.000000025270552        | 0.989999
21600.000000     | 107.837568        | 1.078810        | 0.000000039111299        | 0.989908
21700.000000     | 108.041621        | 1.080797        | 0.000000036787696        | 0.989955
21800.000000     | 107.779301        | 1.078249        | 0.000000036366416        | 0.989930
21900.000000     | 107.621461        | 1.076640        | 0.000000032546353        | 0.989960
22000.000000     | 107.315360        | 1.073513        | 0.000000032489751        | 0.989992
22100.000000     | 106.985671        | 1.070261        | 0.000000036717083        | 0.989980
22200.000000     | 106.591398        | 1.066305        | 0.000000038191772        | 0.989886
22300.000000     | 106.540294        | 1.065743        | 0.000000030121171        | 0.989932
22400.000000     | 106.332112        | 1.063630        | 0.000000033254821        | 0.989887
22500.000000     | 106.393935        | 1.064184        | 0.000000023004574        | 0.989932
22600.000000     | 106.434572        | 1.064577        | 0.000000027439981        | 0.989952
22700.000000     | 106.619226        | 1.066352        | 0.000000038346556        | 0.989997
22800.000000     | 106.402170        | 1.064211        | 0.000000041899014        | 0.989990
22900.000000     | 106.566310        | 1.065794        | 0.000000032869210        | 0.990031
23000.000000     | 106.954690        | 1.069684        | 0.000000037852416        | 0.990074
23100.000000     | 107.276600        | 1.072886        | 0.000000039902147        | 0.990117
23200.000000     | 107.214435        | 1.072286        | 0.000000039322785        | 0.990144
23300.000000     | 107.054853        | 1.070662        | 0.000000038856015        | 0.990160
23400.000000     | 106.841729        | 1.068496        | 0.000000052130744        | 0.990147
23500.000000     | 106.868293        | 1.068741        | 0.000000055817381        | 0.990162
23600.000000     | 107.044910        | 1.070559        | 0.000000051745658        | 0.990203
23700.000000     | 106.785570        | 1.067976        | 0.000000057213796        | 0.990185
23800.000000     | 106.477491        | 1.064963        | 0.000000061619559        | 0.990088
23900.000000     | 106.246245        | 1.062679        | 0.000000061136191        | 0.990089
24000.000000     | 105.933587        | 1.059545        | 0.000000056281948        | 0.990029
24100.000000     | 105.594080        | 1.056177        | 0.000000057627801        | 0.989970
24200.000000     | 105.589805        | 1.056111        | 0.000000052177711        | 0.990011
24300.000000     | 105.619005        | 1.056367        | 0.000000045885912        | 0.990053
24400.000000     | 105.725981        | 1.057428        | 0.000000059058920        | 0.990093
24500.000000     | 105.584319        | 1.056006        | 0.000000064531392        | 0.990121
24600.000000     | 105.270706        | 1.052936        | 0.000000061201661        | 0.990074
24700.000000     | 104.977168        | 1.049968        | 0.000000066067926        | 0.990054
24800.000000     | 105.175374        | 1.051911        | 0.000000068943947        | 0.990094
24900.000000     | 105.222902        | 1.052421        | 0.000000072267568        | 0.990122
25000.000000     | 105.023235        | 1.050474        | 0.000000068761807        | 0.990161
25100.000000     | 104.779182        | 1.048072        | 0.000000070489818        | 0.990154
25200.000000     | 104.949846        | 1.049718        | 0.000000062867471        | 0.990193
25300.000000     | 105.322444        | 1.053483        | 0.000000057506909        | 0.990233
25400.000000     | 105.094157        | 1.051240        | 0.000000066954215        | 0.990220
25500.000000     | 104.897617        | 1.049252        | 0.000000063524880        | 0.990227
25600.000000     | 104.656175        | 1.046860        | 0.000000063737758        | 0.990218
25700.000000     | 104.380091        | 1.044079        | 0.000000059486879        | 0.990223
25800.000000     | 104.252296        | 1.042724        | 0.000000057951695        | 0.990261
25900.000000     | 104.296804        | 1.043176        | 0.000000059850933        | 0.990275
26000.000000     | 104.555540        | 1.045750        | 0.000000050972503        | 0.990313
26100.000000     | 104.432661        | 1.044583        | 0.000000044858311        | 0.990287
26200.000000     | 104.126553        | 1.041590        | 0.000000037848125        | 0.990140
26300.000000     | 104.427006        | 1.044493        | 0.000000030861628        | 0.990177
26400.000000     | 104.686419        | 1.047045        | 0.000000019034687        | 0.990214
26500.000000     | 104.963944        | 1.049783        | 0.000000024162190        | 0.990252
26600.000000     | 104.760362        | 1.047833        | 0.000000017933417        | 0.990208
26700.000000     | 104.803972        | 1.048255        | 0.000000014578134        | 0.990225
26800.000000     | 104.712310        | 1.047342        | 0.000000025425066        | 0.990214
26900.000000     | 104.441430        | 1.044636        | 0.000000037056225        | 0.990122
27000.000000     | 104.359332        | 1.043813        | 0.000000035509572        | 0.990136
27100.000000     | 104.549019        | 1.045723        | 0.000000041305768        | 0.990172
27200.000000     | 104.358109        | 1.043837        | 0.000000022418433        | 0.990178
27300.000000     | 104.145932        | 1.041698        | 0.000000030969204        | 0.990134
27400.000000     | 103.914887        | 1.039413        | 0.000000030833263        | 0.990145
27500.000000     | 103.643702        | 1.036679        | 0.000000035845957        | 0.990126
27600.000000     | 103.498488        | 1.035239        | 0.000000036290118        | 0.990104
27700.000000     | 103.716957        | 1.037414        | 0.000000027808994        | 0.990140
27800.000000     | 103.740378        | 1.037627        | 0.000000034942417        | 0.990173
27900.000000     | 103.529355        | 1.035530        | 0.000000038070382        | 0.990140
28000.000000     | 103.758908        | 1.037799        | 0.000000047509388        | 0.990161
28100.000000     | 104.091168        | 1.041066        | 0.000000060757159        | 0.990197
28200.000000     | 104.429620        | 1.044417        | 0.000000066772401        | 0.990230
28300.000000     | 104.379433        | 1.043947        | 0.000000088434021        | 0.990247
28400.000000     | 104.298309        | 1.043166        | 0.000000072937269        | 0.990250
28500.000000     | 104.283868        | 1.042974        | 0.000000086551495        | 0.990275
28600.000000     | 104.267139        | 1.042802        | 0.000000082072319        | 0.990310
28700.000000     | 104.014115        | 1.040287        | 0.000000089895124        | 0.990298
28800.000000     | 104.039569        | 1.040524        | 0.000000088039386        | 0.990302
28900.000000     | 103.849574        | 1.038664        | 0.000000079580531        | 0.990287
29000.000000     | 103.696347        | 1.037147        | 0.000000093681550        | 0.990289
29100.000000     | 103.965316        | 1.039804        | 0.000000089904333        | 0.990322
29200.000000     | 104.123752        | 1.041345        | 0.000000091426131        | 0.990355
29300.000000     | 104.031413        | 1.040397        | 0.000000093986102        | 0.990388
29400.000000     | 103.807727        | 1.038127        | 0.000000089310916        | 0.990375
29500.000000     | 103.524714        | 1.035350        | 0.000000097632594        | 0.990313
29600.000000     | 103.295892        | 1.033082        | 0.000000097185264        | 0.990241
29700.000000     | 103.319267        | 1.033303        | 0.000000097042260        | 0.990266
29800.000000     | 103.588479        | 1.035966        | 0.000000096841958        | 0.990298
29900.000000     | 103.440588        | 1.034558        | 0.000000105507468        | 0.990310
30000.000000     | 103.246222        | 1.032620        | 0.000000102363757        | 0.990243
30100.000000     | 103.357833        | 1.033695        | 0.000000087576836        | 0.990275
30200.000000     | 103.481110        | 1.034892        | 0.000000087531305        | 0.990307
30300.000000     | 103.349389        | 1.033607        | 0.000000093964005        | 0.990284
30400.000000     | 103.104372        | 1.031215        | 0.000000080998731        | 0.990244
30500.000000     | 102.968640        | 1.029808        | 0.000000075949842        | 0.990272
30600.000000     | 102.839806        | 1.028557        | 0.000000071776739        | 0.990275
30700.000000     | 102.750494        | 1.027659        | 0.000000073519828        | 0.990306
30800.000000     | 102.545062        | 1.025626        | 0.000000073642738        | 0.990268
30900.000000     | 102.621776        | 1.026321        | 0.000000068909571        | 0.990271
31000.000000     | 103.607719        | 1.036139        | 0.000000071330518        | 0.990302
31100.000000     | 104.376957        | 1.043801        | 0.000000073108893        | 0.990333
31200.000000     | 105.033870        | 1.050366        | 0.000000094069151        | 0.990364
31300.000000     | 105.347944        | 1.053436        | 0.000000084379892        | 0.990395
31400.000000     | 105.550599        | 1.055505        | 0.000000094121049        | 0.990416
31500.000000     | 105.398189        | 1.053997        | 0.000000090984074        | 0.990417
31600.000000     | 105.199521        | 1.052040        | 0.000000084489272        | 0.990380
31700.000000     | 105.034637        | 1.050421        | 0.000000082496342        | 0.990356
31800.000000     | 104.785271        | 1.047940        | 0.000000067704704        | 0.990334
31900.000000     | 104.592099        | 1.046046        | 0.000000065342022        | 0.990323
32000.000000     | 104.591743        | 1.046033        | 0.000000069253531        | 0.990307
32100.000000     | 104.637407        | 1.046528        | 0.000000082131805        | 0.990319
32200.000000     | 104.531007        | 1.045466        | 0.000000076105565        | 0.990322
32300.000000     | 104.709860        | 1.047177        | 0.000000061886112        | 0.990352
32400.000000     | 104.784733        | 1.047953        | 0.000000057938394        | 0.990382
32500.000000     | 104.533995        | 1.045523        | 0.000000047075247        | 0.990336
32600.000000     | 104.285249        | 1.043020        | 0.000000045736670        | 0.990279
32700.000000     | 104.447946        | 1.044581        | 0.000000049997979        | 0.990309
32800.000000     | 104.397618        | 1.044146        | 0.000000053125504        | 0.990299
32900.000000     | 104.241244        | 1.042510        | 0.000000041239275        | 0.990293
33000.000000     | 104.377121        | 1.043912        | 0.000000046971792        | 0.990322
33100.000000     | 104.228839        | 1.042415        | 0.000000056904852        | 0.990315
33200.000000     | 104.060029        | 1.040720        | 0.000000057861939        | 0.990303
33300.000000     | 104.192877        | 1.042020        | 0.000000058910160        | 0.990332
33400.000000     | 104.074465        | 1.040813        | 0.000000057015910        | 0.990362
33500.000000     | 103.903612        | 1.039130        | 0.000000048277059        | 0.990320
33600.000000     | 103.747426        | 1.037587        | 0.000000039535308        | 0.990346
33700.000000     | 103.567575        | 1.035870        | 0.000000035072929        | 0.990310
33800.000000     | 103.487082        | 1.035055        | 0.000000040374658        | 0.990319
33900.000000     | 103.288700        | 1.033050        | 0.000000038684846        | 0.990317
34000.000000     | 103.162761        | 1.031816        | 0.000000044675645        | 0.990293
34100.000000     | 102.974844        | 1.029906        | 0.000000034135667        | 0.990278
34200.000000     | 102.954603        | 1.029670        | 0.000000031057823        | 0.990293
34300.000000     | 102.794299        | 1.028072        | 0.000000025512307        | 0.990306
34400.000000     | 102.599573        | 1.026111        | 0.000000027337379        | 0.990302
34500.000000     | 102.552546        | 1.025639        | 0.000000026114719        | 0.990330
34600.000000     | 102.414814        | 1.024238        | 0.000000017607988        | 0.990320
34700.000000     | 102.261817        | 1.022661        | 0.000000020853420        | 0.990315
34800.000000     | 102.162891        | 1.021685        | 0.000000012827442        | 0.990340
34900.000000     | 101.966625        | 1.019744        | 0.000000011362857        | 0.990317
35000.000000     | 101.858081        | 1.018662        | 0.000000000973046        | 0.990301
35100.000000     | 101.902613        | 1.019135        | 0.000000005038046        | 0.990305
35200.000000     | 101.724859        | 1.017413        | 0.000000003415138        | 0.990263
35300.000000     | 101.534700        | 1.015510        | 0.000000006162622        | 0.990226
35400.000000     | 101.389614        | 1.014060        | 0.000000005515616        | 0.990241
35500.000000     | 101.236892        | 1.012480        | 0.000000007433556        | 0.990251
35600.000000     | 101.227748        | 1.012386        | 0.000000014939843        | 0.990250
35700.000000     | 101.491194        | 1.014987        | 0.000000029365523        | 0.990276
35800.000000     | 102.140203        | 1.021452        | 0.000000025317931        | 0.990304
35900.000000     | 102.472805        | 1.024830        | 0.000000008097189        | 0.990326
36000.000000     | 102.267885        | 1.022789        | -0.000000012389137        | 0.990271